1.0,0.9957226714858992,0.9916389512724849,0.987448175915,0.9830216073297408,0.978296130754704,0.9732338049890968,0.9678071718587007,0.9619936444365214,0.9557734673733124,0.9491286847702745,0.942042818033843,0.9344847998824077,0.9260688261083473,0.9164619923012144,0.9056178338176968,0.8935276492043339,0.8801835973936754,0.8655878669891227,0.8497731497423058,0.8325834678106352,0.8101302578204496,0.7840271464137158,0.7560903222816151,0.7275253295732597,0.6993597890389837,0.6723417684939393,0.6468701373044033,0.6231142280582389,0.6010909884362836,0.5807237697754414,0.5619050833753008,0.5445159223093676,0.5284367399922947,0.5135547379044774,0.4997670470846362,0.48697455174851134,0.47509704013282444,0.4640624954250745,0.4536712488301625,0.44232773367447714,0.4304007969713799,0.4184047114277083,0.40651301333732875,0.39485816566438947,0.3835170089129098,0.37248773298277693,0.3617982191836152,0.35148135416983095,0.3415625788328256,0.3320575501702861,0.32297224517876716,0.3143045895397492,0.30595405343251164,0.29756010363660784,0.28909893373300494,0.28066201186274636,0.2722944925320723,0.2640076255388611,0.25583342166398515,0.24780571689823125,0.23995335614819388,0.23229883410397534,0.22485862676327814,0.2176439555404935,0.21066169641217475,0.20391527750906913,0.1974054777553353,0.19113108975265233,0.18508946293193548,0.17927692576704668,0.17368910419116598,0.1683211549499729,0.1631679311991815,0.15822409737043827,0.15348420553919337,0.14894274370103897,0.14459416496817082,0.14043290417882875,0.13645338716478783,0.1326500361673787,0.12901727396190774,0.12554952755002993,0.1222412333620204,0.11908684427198905,0.11608083844738523,0.11321772979840534,0.11049208000052292,0.10789851167218624,0.10543172168150748,0.10308649457743783,0.10085771569145782,0.09874038290614134,0.09672954010617887,0.09482008782011694,0.0930070030186162,0.09128556098376155,0.08965135915555314,0.08810027409610945,0.08662841544686417,0.08523209207740856,0.08390778504254723,0.08265211979359463,0.08146185931188087,0.08033390704595378,0.0792653039714791,0.07825322411781341,0.07729497166494585,0.07638797789404084,0.07552979708309004,0.07471810136090426,0.07395067481737029,0.07322540729533544,0.07254028845557585,0.07189340196842747,0.07128292003233618,0.07070709808594959,0.07016427041576974,0.06965284610414657,0.06917130523555307,0.06871819533180346,0.0682921280856013,0.06789177675935468,0.06751587354338016,0.06716320707046873,0.06683261994351371,0.06652300646652937,0.0662333103141953,0.06596252218416104,0.06570967778075572,0.06547385610764096,0.06525417823533923,0.06504980582592615,0.06485993927668149,0.06468381633158289,0.06452071104017863,0.06436993272489293,0.06423082489228014,0.06410276383946932,0.06398515715412628,0.06387744217842041,0.06377908448586446,0.06368957635624983,0.06360843538619264,0.06353520319923656,0.06346944413276931,0.0634107440178299,0.06335870903133933,0.06331296460879607,0.0632731544175172,0.06323893938889996,0.06320999680709793,0.06318601945138622,0.06316671478942473,0.06315180421657177,0.0631410223497319,0.06313411635839562,0.06313084533548056,0.06313097970794763,0.06313430068388302,0.06314059973375595,0.06314967810364519,0.06316134635830796,0.06317542395205931,0.06319173882552709,0.06321012702643954,0.06323043235379947,0.06325250602073106,0.06327620632702623,0.06330139835957929,0.06332795373649452,0.06335575031476341,0.0633846719319638,0.06341460816947721,0.06344545412373394,0.06347711018747382,0.06350948184142066,0.06354247945549805,0.0635760180987437,0.06361001735799456,0.06364440116480245,0.06367909757910586,0.06371403865418755,0.06374916029284416,0.06378440209835036,0.0638197072307286,0.0638550222679719,0.06389029707189642,0.06392548466331772,0.06396054103017798,0.06399542502017222,0.06403009826376269,0.0640645250607928,0.06409867227038649,0.06413250920401949,0.06416600752411727,0.06419914105366872,0.06423188572046262,0.06426421950558149,0.06429612235193602,0.06432757607533626,0.06435856428204301,0.06438907220935607,0.06441908664158036,0.06444859590613355,0.06447758979909166,0.06450605951146607,0.06453399755856119,0.0645613976131446,0.06458825448297977,0.06461456410320882,0.06464032347400392,0.0646655306025917,0.06469018440989505,0.06471428459976439,0.06473783170444895,0.06476082704640689,0.06478327268805306,0.06480517137944092,0.06482652641130718,0.06484734163856343,0.06486762148058035,0.06488737087987606,0.06490659526377565,0.06492530042424162,0.0649434925023697,0.06496117802060243,0.0649783638501255,0.06499505718127072,0.06501126542529517,0.06502699618098191,0.06504225728238375,0.06505705677471912,0.06507140289161392,0.06508530397027597,0.06509876841666237,0.06511180475927562,0.06512442163174878,0.06513662775571066,0.0651484318624991,0.06515984266727766,0.06517086892359475,0.06518151941067214,0.06519180292069683,0.0652017281823284,0.06521130385028956,0.06522053855694994,0.0652294409029007,0.06523801944728838,0.06524628263034085,0.06525423878239654,0.06526189616933747,0.06526926298570232,0.06527634734639083,0.06528315720738033,0.0652897003959478,0.06529598464734546,0.06530201760025953,0.06530780678743742,0.06531335955664941,0.06531868312068387,0.06532378458401629,0.06532867094083282,0.06533334906029446,0.06533782561480164,0.06534210714292042,0.06534620006754963,0.06535011069620653,0.06535384519732536,0.06535740954282837,0.06536080957665175,0.06536405102639359,0.06536713950526105,0.06537008047714955,0.0653728792190834,0.06537554088882144,0.06537807053191577,0.06538047308442291,0.06538275332607298,0.06538491586618939,0.06538696520513632,0.06538890573849092,0.06539074175931363,0.06539247740033433,0.06539411664478387,0.0653956633779469,0.06539712138983406,0.06539849437551114,0.06539978586879712,0.06540099927722831,0.06540213792154473,0.06540320503805348,0.0654042037744534,0.0654051371205769,0.0654060079629992,0.06540681911260776,0.0654075733075661,0.06540827320064126,0.06540892129620772,0.06540952001566594,0.06541007171088577
0.0,0.003752699196085626,0.006767370822863602,0.009611937427630144,0.012489748575035268,0.015490719452180576,0.018658530613490536,0.022011634304212945,0.02555163320253482,0.029267752425431573,0.03314047113505091,0.03714453953384908,0.04126600868315106,0.04578858685434407,0.05090180251482624,0.05655776893942214,0.06269877679469443,0.0692782889909812,0.07624876749024996,0.08354548120989676,0.09130627720862107,0.10289456415862407,0.11643607003790571,0.13049608738217594,0.14424363115185002,0.15701018448699716,0.16836433836500556,0.17814375388713047,0.18634849266149023,0.19308243603365058,0.1985032951149097,0.2027775634309179,0.20606675595642096,0.20851926123347292,0.21026602418068144,0.21142022857759232,0.2120815313870817,0.21232969580567712,0.2122335666727736,0.2119807330805213,0.21299488976326733,0.21482177773237737,0.2169697980874212,0.21925240400183577,0.22154682283955585,0.2237793932881806,0.22592774127148849,0.22795083266337282,0.2298104777316619,0.23148025434775416,0.23294674085692868,0.23420708798448275,0.23526544011462672,0.23551009529226496,0.23501716517723195,0.23434993915583166,0.2335621368525268,0.23267335083024004,0.2316920130083503,0.23060808068554417,0.229413023741413,0.2281030173173321,0.22667862487242466,0.22514390773439208,0.22350547338976068,0.22177164242463188,0.2199517767510528,0.21805576950927913,0.21609367990255013,0.2140754702057164,0.21201082968060478,0.2099090616293109,0.2077790154316862,0.20562904998165876,0.20346701712260953,0.20130025727098935,0.1991356025087408,0.19697938435710463,0.19483744360227392,0.19271513911658253,0.19061735953331627,0.18854853463665947,0.18651264716330862,0.18451324593143906,0.18255346021198673,0.18063601548183714,0.17876325066067364,0.17693713693593538,0.1751592981240368,0.17343103202276464,0.1717533328057208,0.17012691407463051,0.16855223191007224,0.16702945992325977,0.16555835972515642,0.164138413768479,0.16276901667674662,0.16144953551771032,0.16017930804286054,0.1589576280555391,0.1577837376610123,0.15665682097255704,0.15557599519611412,0.1545403161586298,0.15354879288027787,0.15260039683255147,0.15169406484940354,0.15082871157699412,0.15000323873015656,0.14921654185272973,0.14846751537722216,0.14775504935617265,0.1470780333326797,0.14643536411406394,0.14582594749650352,0.14524869875930002,0.14470253501118566,0.14418638263971376,0.1436991827076993,0.14323989209359833,0.14280748012455702,0.14240092438826976,0.14201922161285793,0.14166138917260637,0.141326465520721,0.14101350338453805,0.14072157359465132,0.14044977093112013,0.140197213817319,0.13996304374076107,0.13974641954632075,0.13954652273156312,0.13936256082325432,0.13919376679551043,0.13903939896856207,0.13889873887378204,0.13877109040231533,0.13865578439431137,0.13855217809152712,0.13845965446623124,0.13837762144110125,0.13830551101228467,0.1382427769100557,0.13818889489672856,0.13814336329154894,0.13810570196808888,0.13807545154709905,0.1380521725930461,0.13803544484873587,0.13802486650941745,0.1380200535302553,0.1380206389633281,0.13802627232139497,0.13803661895958533,0.1380513593982656,0.1380701889413813,0.13809281710377644,0.13811896701776796,0.13814837489419693,0.13818078950548598,0.13821597168957322,0.13825369387391256,0.13829373961882946,0.13833590317972866,0.13837998908780438,0.13842581174894214,0.13847319509414566,0.13852197218542134,0.1385719846963904,0.13862308265218534,0.1386751240406998,0.13872797451595117,0.1387815071205055,0.13883560198791575,0.13889014606607278,0.13894503286523444,0.13900016222542888,0.1390554401009732,0.13911077836146546,0.1391660946334538,0.13922131218363754,0.13927635811961556,0.13933116406148796,0.13938566636143135,0.13943980597964925,0.1394935283742328,0.13954678340394713,0.13959952524283475,0.1396517124883324,0.13970330560901756,0.13975426726678994,0.13980456371366873,0.13985416475666101,0.13990304372829948,0.13995117746404842,0.13999854638724638,0.1400451307035692,0.14009091188938952,0.14013587441136505,0.1401800057364672,0.14022329634446115,0.1402657399237085,0.14030732981826763,0.1403480586014452,0.14038792142547676,0.14042691612165248,0.1404650432326764,0.14050230608250808,0.14053870561175608,0.14057424232247298,0.14060891917080465,0.1406427416120774,0.14067571777692534,0.14070785645039252,0.14073916246142995,0.1407696421672158,0.14079930429014012,0.14082815996541637,0.1408562225192012,0.1408835008572069,0.14091000343255983,0.1409357409862286,0.14096072658970416,0.14098497576473545,0.14100850056680608,0.14103131062742055,0.14105341777898328,0.1410748361432804,0.1410955823273016,0.14111567010179554,0.141135109646217,0.1411539132121302,0.14117209532423022,0.14118967298631352,0.14120666049882483,0.14122306804919976,0.14123890783493492,0.14125419432661096,0.14126894446035898,0.14128317216220057,0.14129688721158837,0.14131010143222164,0.1413228289309847,0.1413350862469043,0.14134688625563416,0.14135823806292858,0.14136915291600727,0.1413796443613064,0.1413897282907028,0.14139941604380551,0.14140871592866625,0.14141763850147296,0.1414261966367748,0.14143440536760948,0.1414422741882036,0.14144981059374234,0.14145702440016877,0.14146392777145608,0.14147053465040518,0.14147685257853151,0.141482888280843,0.14148865083132697,0.14149415172372612,0.1414994034686608,0.14150441181812817,0.14150918276476807,0.14151372467250697,0.14151804841647206,0.14152216477385524,0.14152607797020736,0.14152979332206495,0.14153331853795728,0.14153666390951194,0.14153983826727318,0.1415428446064496,0.1415456876383828,0.14154837448535615,0.1415509148603465,0.14155331553928518,0.14155557857882736,0.14155770816425664,0.14155971090886904,0.14156159591509843,0.141563367905515,0.14156502826175,0.14156658072549674,0.14156803148173056,0.14156938895221638,0.14157065591129053,0.14157183328729006,0.14157292446060704,0.1415739352864797,0.14157487334509433,0.14157573971487789,0.14157653502670955,0.14157726237926202,0.14157792742088118,0.14157853661510814,0.14157908975724987,0.14157958726079184,0.1415800314448988
0.0,0.00042193641275562306,0.0011277096118235685,0.001913188675283665,0.00275671079630661,0.003661031801387801,0.004634481488784502,0.005688148659894668,0.006834921897913988,0.008088635298867723,0.009463132041400974,0.010971293843107927,0.012625397547344423,0.014480248329728407,0.016615347133722664,0.019065398583716604,0.021846812842923388,0.024971522002775918,0.028448186513145325,0.032278246837355515,0.03645858065882518,0.041520792601346744,0.047636523236208525,0.054413027424671745,0.06152368743035054,0.0686683585199653,0.07559554702164349,0.08213669413330542,0.08819535103011357,0.0937287530939523,0.09873357114150588,0.10322705853149777,0.10723826788371647,0.11080243419740926,0.11395673765738584,0.11673765567555403,0.11918146379692851,0.12131977090544187,0.1231814889121399,0.12480017397901033,0.12641569247271164,0.12813868054258265,0.12989359974693873,0.13163488067440665,0.13332949025601484,0.13495788922727622,0.13651866668278848,0.1380062811511086,0.13941346438305288,0.14073430985536053,0.1419650201580281,0.14310456444678896,0.14415444058648233,0.14572331609245287,0.1477968184068205,0.14988972078842686,0.15194523021770512,0.15395155082141612,0.15590888057398603,0.15780523597085497,0.1596259554159855,0.16135869049929014,0.16299427024433216,0.1645265148229774,0.16595184584715864,0.1672688467857819,0.16847783422305526,0.16958047362521925,0.17057945547877224,0.17147822589281791,0.1722807719090089,0.172991452587987,0.17361486993372477,0.17415577076670757,0.17461897179094651,0.17500930264363532,0.17533156277894255,0.17559048870655367,0.17579072677323487,0.17593681129666136,0.17603314892903088,0.17608400370983274,0.17609348481691098,0.17606553656802043,0.1760039301941218,0.175912257302246,0.17579392503418395,0.17565215287079747,0.17548997103706235,0.17531022048622516,0.17511555441751236,0.17490844111936835,0.17469116803438772,0.17446584234464074,0.17423437323359894,0.17399847801597057,0.1737597140945074,0.17351950295991092,0.17327914297179411,0.17303981588376055,0.17280259313118626,0.172568440338205,0.17233822042468414,0.17211269899632475,0.17189255166652648,0.17167837015530898,0.17147066501367103,0.17126987437712324,0.17107637086898955,0.17089046747532774,0.1707124226374835,0.1705424392056214,0.17038066985218372,0.17022722480248073,0.1700821752056682,0.16994555561904276,0.16981736017446455,0.1696975498734202,0.16958605842369204,0.16948279479215267,0.16938764212194013,0.1693004557832162,0.16922107314570237,0.16914931613595185,0.16908499288567516,0.16902789330233683,0.1689777935242745,0.16893446193960204,0.16889766026023928,0.16886714427609892,0.16884266020704394,0.1688239498674114,0.16881075441826474,0.16880281507223133,0.16879987398686166,0.16880167325983303,0.16880795495484405,0.16881846569903436,0.16883295715978722,0.16885118646465636,0.1688729165386488,0.16889791634145418,0.16892595989423384,0.16895682737426548,0.16899030628735667,0.16902619155536083,0.1690642855595959,0.16910439813382988,0.1691463465627484,0.16918995557065683,0.16923505729274993,0.169281491228043,0.1693291041741866,0.1693777501394371,0.1694272901711602,0.16947759239274449,0.1695285318528166,0.16957999032891574,0.16963185614920934,0.16968402400774646,0.16973639477432317,0.16978887530022616,0.16984137822109965,0.16989382175826867,0.16994612951985885,0.16999823030296304,0.17005005792523406,0.1701015510094885,0.17015265268342736,0.17020331044284623,0.17025347579985162,0.17030310426338102,0.1703521551625689,0.17040059143781947,0.17044837947134445,0.17049548893851268,0.17054189267031755,0.17058756652595777,0.17063248927598568,0.17067664251573458,0.17072001060997016,0.17076257930612673,0.17080433630512137,0.1708452714705648,0.17088537676465554,0.17092464619436998,0.17096307576726985,0.17100066345614684,0.1710374093153467,0.1710733135082238,0.17110837659746672,0.1711426006753817,0.17117598936725134,0.17120854783885864,0.171240282809084,0.1712712026464896,0.17130131442687097,0.1713306251333723,0.17135914303174615,0.1713868777074906,0.17141384010459693,0.17144004270678165,0.1714654968002488,0.17149021217662627,0.17151419977212207,0.17153747177273915,0.17156004166629643,0.17158192432320143,0.1716031320138005,0.17162367595108366,0.17164356856378293,0.1716628235558077,0.17168145606677038,0.1716994811297873,0.17171691012644918,0.17173375506368124,0.17175002924430627,0.17176574732510574,0.17178092516596538,0.17179557473798368,0.1718097072180176,0.1718233351284575,0.17183647238851177,0.17184913442454447,0.17186133361810974,0.17187308013284805,0.1718843855048479,0.17189526272642683,0.1719057264122242,0.1719157887083571,0.17192545872804285,0.17193474693675198,0.17194366532008543,0.1719522275549036,0.17196044502668936,0.17196832575791696,0.17197587914086257,0.17198311615070913,0.1719900495037637,0.17199668944965846,0.17200304290824348,0.17200911824841916,0.17201492548038588,0.17202047637817566,0.17202577979535486,0.17203084159293208,0.17203566919774618,0.17204027173024578,0.17204466004612884,0.1720488414356209,0.17205282080135606,0.17205660472638645,0.17206020153300633,0.17206362116436857,0.17206686926974965,0.17206994993291874,0.172072868998535,0.1720756340966358,0.17207825420837497,0.17208073338109928,0.17208307502638412,0.17208528435653128,0.17208736844145842,0.17208933513283053,0.17209118709104365,0.17209292716782731,0.17209456004570048,0.17209609234715598,0.17209753063139327,0.1720988764376264,0.17210013215969272,0.17210130204690474,0.17210239235190114,0.17210340822470702,0.172104350353885,0.17210522076916154,0.1721060233758416,0.17210676409342474,0.17210744661013505,0.17210807101505926,0.17210863905884766,0.17210915438391772,0.17210962257157858,0.17211004586660616,0.17211042397586088,0.17211075844705576,0.1721110527326355,0.17211131203110192,0.1721115372321991,0.17211172783661363,0.17211188525662924,0.1721120128333983,0.17211211526079684,0.17211219226787677,0.17211224326802949,0.17211226959741732,0.17211227457749237,0.17211226218271258,0.1721122312939638,0.17211218129345807,0.17211211305296878
0.0,7.989034433638653e-5,0.0003138671515645519,0.0006311415712851677,0.001001156756354057,0.0014131030425470299,0.0018643029874311386,0.002356684510506719,0.002895495200595649,0.0034884789147502948,0.0041451286753235676,0.004875938533667718,0.005691898583879586,0.0066127951344184385,0.007670156670424091,0.008888594136718785,0.010284474311728936,0.011870014016536113,0.013654977490270283,0.01564640615851153,0.01784680630999184,0.020308850641553123,0.023153900781680652,0.026339333349514875,0.02978627297963344,0.03341646248750661,0.03715497027457454,0.0409367886940541,0.0447076483535561,0.048422354427763,0.05204538174432556,0.055548737329886834,0.058911490921598836,0.062119012651168384,0.06516187723762501,0.06803472748166302,0.07073628554604199,0.07326681627076605,0.07562834454547299,0.07782483720551957,0.07988743833025481,0.08188587121630843,0.08383845869251416,0.08574632267751105,0.08760330773081412,0.08940479043021048,0.09115424914618436,0.09285382340059078,0.09450292739286556,0.09609968475128397,0.09764168030839303,0.09912692440804606,0.1005544341452508,0.10206147994656815,0.10388023285470162,0.10583618518064311,0.10784836547454657,0.10988578125526836,0.11193991998116316,0.11400253229208504,0.11606317743086059,0.11811127547016599,0.1201371579163723,0.1221323885831696,0.12408982419138184,0.1260035575010852,0.12786880401771047,0.12968176754019226,0.1314395055415417,0.13313980227865418,0.13478105678019148,0.13636218752285592,0.13788255305139566,0.1393418876282541,0.14074024907719776,0.1420779764890749,0.14335565613418513,0.14457409329556428,0.1457342885715018,0.1468374163372688,0.1478848057968049,0.148877923003204,0.1498183536342262,0.15070778616300295,0.15154799525280147,0.15234082538810267,0.15308817487354934,0.15379198027172092,0.1544542014228814,0.15507680735155732,0.15566176317020988,0.1562110180617181,0.15672649453756732,0.15721009267601452,0.15766372281776608,0.15808926361740572,0.15848850664338762,0.15886314236187504,0.15921476594669529,0.1595448868610289,0.15985493615382781,0.16014627238171208,0.16042018736867128,0.1606779087422264,0.1609205999811976,0.16114936144909184,0.1613652330457961,0.16156919482317367,0.16176216825476872,0.16194501796721547,0.16211855388758908,0.16228353441176788,0.1624406684160988,0.16259061647124762,0.16273399294889943,0.16287136823424142,0.16300327249111862,0.16313019624439218,0.16325259135474945,0.16337087279897142,0.16348542126797647,0.16359658583386633,0.16370468363907847,0.1638100014228115,0.16391279727189065,0.1640133035147056,0.1641117276728201,0.1642082530727789,0.16430304047345295,0.16439622981521426,0.1644879428619868,0.16457828374150898,0.16466733978532028,0.16475518303510986,0.16484187167222872,0.16492745177557777,0.16501195875522037,0.16509541772137767,0.16517784470247138,0.1652592478064404,0.16533962832575066,0.1654189817850482,0.16549729917822664,0.16557456769262124,0.16565077119798868,0.16572589106897243,0.1657999069087164,0.1658727971583267,0.1659445396375932,0.16601511202719044,0.16608449229289046,0.1661526590538358,0.16621959189820093,0.16628527165136642,0.16634968061326297,0.1664128027072678,0.16647462362817828,0.16653513096290593,0.1665943142741197,0.1666521651554961,0.1667086772616728,0.16676384631577673,0.16681767009722548,0.16687014841229106,0.16692128304971807,0.16697107772350994,0.16701953799921931,0.16706667122161312,0.16711248646176485,0.16715699444911852,0.16720020739583571,0.1672421389283002,0.16728280403219298,0.16732221894413624,0.16736040104078262,0.16739736873435707,0.16743314137126428,0.16746773913208068,0.16750118293283794,0.1675334943239938,0.1675646953873267,0.16759480890685954,0.16762385814552158,0.16765186670132456,0.16767885842423083,0.1677048573359934,0.16772988755313015,0.16775397321318083,0.16777713837580732,0.16779940734297502,0.1678208045306245,0.167841354180541,0.1678610803019325,0.16788000661668975,0.1678981565079223,0.1679155529562951,0.16793221907060646,0.16794817781048174,0.16796345168281523,0.16797806270370585,0.1679920323634079,0.16800538156711825,0.16801813113645744,0.16803030184053605,0.16804191387091405,0.16805298680719075,0.1680635395951044,0.16807359052128276,0.1680831579544499,0.16809226004059527,0.1681009142675438,0.1681091374507366,0.1681169457015997,0.16812435471403517,0.16813138042002473,0.16813803818953285,0.16814434270827497,0.16815030797079872,0.16815594731273076,0.16816127435124326,0.1681663024142853,0.16817104415187958,0.16817551153390736,0.16817971583744762,0.16818366848399213,0.16818738089069132,0.16819086382170953,0.1681941273819285,0.16819718099586875,0.16820003415693394,0.16820269653385128,0.16820517718360256,0.16820748453066142,0.1682096263457115,0.16821161047146188,0.1682134450208887,0.16821513753270667,0.16821669494258745,0.1682181235641962,0.16821942985170305,0.1682206205601481,0.16822170189683197,0.1682226794959586,0.16822355840559344,0.1682243439317842,0.1682250416571694,0.16822565663475236,0.1682261933734343,0.16822665583865226,0.16822704840299335,0.1682273756421163,0.16822764161774292,0.16822784987465841,0.16822800346890682,0.16822810602455532,0.16822816125443313,0.16822817237581472,0.1682281421126353,0.16822807277877228,0.16822796739799067,0.16822782894677557,0.1682276599280418,0.1682274623667438,0.16822723800585998,0.16822698936916128,0.168226718812375,0.16822642823780404,0.1682261190798725,0.16822579266434326,0.16822545108984233,0.16822509619215295,0.16822472937135502,0.16822435156979848,0.16822396382558352,0.1682235678705086,0.16822316510702026,0.16822275651728857,0.16822234264216337,0.1682219243355521,0.16822150300960761,0.16822107970720923,0.1682206550642778,0.16822022930434458,0.168219803174641,0.168219377807614,0.16821895394892805,0.16821853194868838,0.1682181117919253,0.1682176941722968,0.1682172799779103,0.1682168697095234,0.1682164634795652,0.16821606111608808,0.16821566328286156,0.1682152706586474,0.16821488354285244,0.16821450184616407,0.168214125328026,0.16821375461568638,0.16821339021547801,0.16821303233936058
0.0,1.7990092043397856e-5,0.0001046431810658217,0.0002497479304102529,0.00043566643388773864,0.0006525278354158916,0.0008955664599387875,0.0011637230439987493,0.0014588322425611935,0.001785069387860455,0.002148435254598641,0.002556241859374525,0.0030166583971042663,0.003540207002335963,0.004141471767998353,0.004835300210854399,0.005633746350328863,0.006546345004827665,0.007580778938730408,0.008743279951200863,0.01003794098954932,0.011449608711706766,0.013005421815964417,0.01472629210109484,0.01660350777425464,0.018622240302510185,0.020764576613969184,0.023010071336957025,0.025335807465152217,0.0277171955060756,0.030129601427680248,0.03254957184650618,0.034956024331044826,0.03733063782470416,0.039658034187907795,0.04192568615075293,0.04412403683303257,0.0462452700278382,0.04828368683790272,0.050235066726494804,0.05208406958249295,0.05384014590034293,0.05552792608463958,0.05716246400944816,0.0587491320552053,0.060291348754798225,0.06179496898844643,0.06326415535832369,0.06470130092372142,0.06610717585722303,0.06748132581394556,0.06882279411674104,0.07013064302978653,0.0714264425261742,0.07283229911410563,0.07434060116483895,0.07590816087643683,0.07751169792941297,0.07914261441870717,0.0807961249289961,0.08246712995714436,0.08415002137197404,0.08583911737887814,0.0875289390435387,0.08921436183893731,0.09089068467470163,0.09255364871606117,0.09419942636528901,0.09582459374992396,0.09742609735491242,0.09900121937831453,0.10054754574633586,0.10206293785579792,0.10354550919502795,0.10499360661499779,0.10640579564372855,0.1077808492528637,0.10911773897075407,0.11041562814095829,0.11167386600250374,0.1128919813754595,0.11406967671381153,0.11520682157767685,0.11630344511389275,0.1173597275347185,0.11837599059341798,0.11935268714964295,0.120290389913453,0.1211897795041351,0.12205163223278906,0.12287680772236398,0.12366623659376451,0.12442090859903374,0.12514188491809763,0.1258303534372172,0.126487561406675,0.12711473301618273,0.12771304569088807,0.128283632835322,0.12882759181479897,0.12934599073079098,0.12983987358920002,0.13031026625590433,0.13075817619112623,0.1311845885452665,0.13159046373317287,0.1319767349452503,0.13234430732562838,0.1326940568623337,0.13302682954473585,0.13334344113409866,0.13364467587021694,0.1339312868823067,0.1342039980714316,0.13446350485106973,0.1347104745937464,0.13494554525562227,0.1351693272545832,0.135382404923087,0.13558533700895445,0.13577865613264253,0.13596286801467916,0.13613845413695908,0.13630587234030148,0.136465557236033,0.13661791900182618,0.13676334465242831,0.136902200117196,0.13703483096919755,0.13716156298705626,0.13728270131964163,0.1373985321969815,0.13750932439072358,0.13761532999429368,0.1377167851381003,0.13781391001519935,0.1379069092459396,0.13799597371661812,0.13808128132960146,0.1381629978213619,0.13824127760196667,0.1383162645802099,0.13838809260612253,0.1384568865526456,0.13852276339408517,0.13858583283051426,0.13864619797010538,0.13870395594922402,0.13875919849817098,0.13881201246629052,0.13886248030789602,0.1389106805285122,0.1389566880918068,0.13900057478651204,0.13904240953600025,0.13908225874162583,0.13912018654004923,0.13915625501943926,0.1391905244158613,0.13922305328412174,0.1392538986451702,0.13928311611219893,0.139310759997535,0.1393368834023901,0.13936153829147147,0.13938477555437376,0.13940664506399086,0.1394271957094812,0.13944647538055613,0.13946453102511797,0.13948140865392727,0.13949715331422863,0.13951180912763844,0.13952541930466011,0.13953802614328767,0.1395496710289607,0.1395603944377249,0.13957023594158868,0.13957923421571114,0.1395874270536822,0.13959485139139155,0.13960154290815135,0.13960753624681832,0.13961286511905707,0.13961756232361916,0.13962165976749932,0.13962518848983982,0.13962817868838395,0.1396306597937336,0.1396326598820612,0.13963420580477187,0.13963532358384798,0.13963603845003442,0.13963637488209235,0.13963635664744317,0.13963600686904531,0.13963534713198206,0.13963439790001209,0.13963317898622615,0.13963170960009028,0.13963000839450537,0.13962809355724146,0.13962598198248136,0.13962368921266644,0.13962123030395737,0.1396186198917192,0.13961587223855135,0.1396130012906497,0.1396100194575905,0.13960693812936956,0.13960376842029043,0.13960052121592872,0.13959720725099742,0.13959383665307387,0.13959041786017204,0.1395869589881171,0.1395834680653305,0.13957995307481633,0.13957642193010195,0.13957288090761755,0.13956933563808413,0.1395657917964633,0.1395622551380397,0.1395587315521899,0.13955522566258538,0.1395517411056941,0.13954828166820513,0.13954485132966296,0.1395414543300354,0.13953809391257627,0.13953477216529617,0.13953149140030205,0.13952825421933343,0.13952506357966438,0.13952192156958101,0.1395188290892971,0.1395157873329988,0.13951279786551482,0.13950986268138588,0.13950698290956637,0.13950415855662507,0.1395013899982971,0.1394986780471676,0.13949602399828573,0.13949342818550642,0.1394908899676173,0.13948840914753935,0.13948598601794546,0.1394836213798409,0.13948131490763066,0.1394790655200748,0.1394768726444425,0.13947473623908907,0.1394726567609384,0.1394706333403778,0.1394686646297403,0.13946674983558532,0.13946488872931548,0.13946308151575673,0.1394613268935042,0.13945962338666193,0.13945797010023817,0.13945636673972056,0.13945481328047568,0.13945330812438902,0.13945184976493946,0.13945043729508758,0.13944907044218527,0.1394477489502774,0.13944647105050953,0.13944523527670857,0.13944404077518874,0.13944288735097582,0.13944177450919146,0.13944070041862902,0.13943966370400168,0.1394386636111549,0.13943770004997671,0.1394367722837103,0.13943587850692743,0.13943501746969247,0.13943418854848558,0.13943339176053074,0.13943262613501176,0.13943188995953484,0.1394311821315471,0.13943050217767164,0.1394298502042796,0.13942922502802832,0.13942862507679485,0.13942804940801734,0.1394274977134931,0.1394269701409329,0.13942646534333725,0.13942598191356803,0.1394255190746745,0.1394250766985661,0.13942465489407627,0.13942425223252172,0.13942386747408986,0.13942349987220098
0.0,3.878714086857843e-6,3.373283336655014e-5,9.569863563627662e-5,0.00018395158274411703,0.00029250528325177737,0.0004178162357276191,0.0005584711909994518,0.000715034542594261,0.000889791374399707,0.0010864610865281212,0.0013099004491391017,0.0015658437681969908,0.0018611150135463422,0.0022032448836832733,0.002600883690641742,0.0030624346134189573,0.0035951924413973038,0.004205277386814696,0.004897950499799396,0.0056772383937750085,0.0065233290749059656,0.007424761864421497,0.008402773829034585,0.009468751235719114,0.010628680299530643,0.011884842646409948,0.01323512765208696,0.014672496145339494,0.016185874747081976,0.01776126410258043,0.019383747565575572,0.02103843374791322,0.022711044577764964,0.02438850820200282,0.026059334173235475,0.027713568453621794,0.029342598119855668,0.030939589725075246,0.03249862096144786,0.033997795472078984,0.03541733395861267,0.03677084148021875,0.0380739753837146,0.03933484954806252,0.040559322605701366,0.0417535797051796,0.04292202332537575,0.044067900860243946,0.045193150503490175,0.046298612445645274,0.04738441554651824,0.04845023599057979,0.049484945440572636,0.05052029113017953,0.05160128469029561,0.05271868405043892,0.053861142752396146,0.055023274350643615,0.05620304632999363,0.057399037516111556,0.058609453336078025,0.05983210726079166,0.06106455796320346,0.06230423783861583,0.06354854522006405,0.06479490477377352,0.06604080571149588,0.06728382517941575,0.06852163991095528,0.06975203125228784,0.07097288699199764,0.07218220146341187,0.07337807540348242,0.07455871637936134,0.07572244011965476,0.07686767263997107,0.07799295294256908,0.07909693648803523,0.08017839897085913,0.08123623871028733,0.08226947917394722,0.08327727068389014,0.08425889088915024,0.08521374403217874,0.08614135895684033,0.0870413858685885,0.08791359185105836,0.08875785524014922,0.08957415916616905,0.09036258430999496,0.09112330109875444,0.09185656170724535,0.09256271623594689,0.09324227319358169,0.09389583197509078,0.09452400163937659,0.09512737890192949,0.09570655096656383,0.09626210309215144,0.09679462376660129,0.09730470901852044,0.09779296779585178,0.09826002048824842,0.09870649370185343,0.09913301712958467,0.09954022194823305,0.09992873714666294,0.10029918657884089,0.10065218675837646,0.10098834532146213,0.10130826142594881,0.10161252462454634,0.10190171335322826,0.10217639462205068,0.10243712388959066,0.10268444640163832,0.10291889571122143,0.10314099259945642,0.10335124477290822,0.10355014735815404,0.10373818352288264,0.10391582241567682,0.10408351882245134,0.10424171304164963,0.10439083212220714,0.10453128917713757,0.10466348252864169,0.10478779599037699,0.1049045991543995,0.1050142485238425,0.10511708670631772,0.1052134420411981,0.1053036290389795,0.10538794865641544,0.10546668886918249,0.10554012505592442,0.10560851948063117,0.10567212175180005,0.10573116934930858,0.10578588819484028,0.10583649324724081,0.10588318935776492,0.10592617164709545,0.10596562582778019,0.10600172873134665,0.10603464882971779,0.10606454672852511,0.10609157562214333,0.1061158817190994,0.10613760464041955,0.10615687779151277,0.10617382870842941,0.10618857938074631,0.10620124656711755,0.10621194203506772,0.10622077282074412,0.10622784147730657,0.10623324629830629,0.10623708152350435,0.10623943752848312,0.10624040099932151,0.10624005509355233,0.10623847958852609,0.1062357510182335,0.10623194279957461,0.10622712534199291,0.10622136616109962,0.1062147300093829,0.10620727895822622,0.10619907252230774,0.10619016769881295,0.1061806190554957,0.10617047881614294,0.1061597969291052,0.10614862112956722,0.10613699699838099,0.10612496801746574,0.10611257562166894,0.106099859241951,0.1060868563398023,0.10607360280061562,0.10606013280198082,0.10604647877751915,0.10603267145410471,0.10601873988655215,0.1060047114900268,0.10599061207043674,0.10597646581389822,0.1059622958468927,0.10594812418142281,0.10593397142966175,0.10591985682561804,0.10590579824600795,0.10589181223010169,0.10587791397688963,0.10586411817660349,0.10585043870696477,0.10583688828010498,0.10582347845632803,0.10581021965755723,0.10579712114169978,0.10578419177943697,0.10577144016048783,0.1057588738919508,0.10574649959287016,0.1057343229033172,0.10572234848540726,0.10571058114146542,0.1056990254121296,0.10568768497328115,0.10567656264148909,0.10566566035136504,0.10565497960050607,0.10564452244389645,0.10563429033801998,0.1056242839761887,0.10561450329183523,0.1056049475187133,0.10559561660677372,0.10558651038920945,0.10557762801200023,0.10556896793660195,0.10556052792594967,0.10555230630825996,0.10554430176425904,0.10553651235684959,0.10552893552237837,0.10552156803886181,0.10551440715963384,0.10550745077950259,0.1055006962452184,0.10549414032129346,0.1054877791544874,0.10548160937437324,0.10547562839593594,0.10546983313383115,0.10546421995363382,0.10545878463769495,0.10545352354419665,0.10544843385052391,0.10544351225409836,0.1054387549273905,0.10543415749161557,0.10542971630328905,0.10542542847962254,0.10542129065886112,0.10541729897122759,0.10541344903306109,0.10540973739938779,0.10540616124656789,0.10540271726585507,0.10539940165174311,0.10539621013838858,0.10539313961785031,0.10539018739850871,0.10538735030037942,0.10538462465164437,0.10538200641011525,0.10537949288093222,0.10537708154596981,0.1053747694013233,0.10537255294403464,0.10537042846766134,0.10536839369368696,0.10536644630455728,0.10536458349799517,0.10536280195869695,0.10536109840613415,0.10535947094787375,0.10535791747802428,0.10535643540520682,0.10535502161311557,0.10535367330851894,0.10535238893816738,0.10535116660653523,0.10535000393057635,0.10534889800235446,0.10534784654746171,0.10534684829847941,0.10534590156022486,0.10534500414713983,0.10534415337054757,0.10534334747775967,0.10534258543432347,0.10534186572955397,0.1053411863590396,0.10534054486780028,0.10533994000188648,0.10533937091181625,0.10533883625196788,0.10533833417562385,0.10533786249185963,0.10533742038881082,0.10533700716510774,0.10533662161887282,0.10533626203030431,0.10533592652477354,0.10533561464037644,0.10533532580115663,0.10533505904708053
0.0,7.638391877471236e-7,9.986992514951315e-6,3.414195031605869e-5,7.236958491682296e-5,0.0001225988020539138,0.0001828943956072559,0.0002523848439875276,0.00033130393187420434,0.00042094541753384847,0.0005235556096433683,0.0006422043698433761,0.000780679791157321,0.0009437117438289031,0.0011359528061551565,0.0013626464412452915,0.0016295066382001492,0.0019417722562456738,0.0023039745273675943,0.0027199587801774627,0.0031925538929682075,0.003707289844325926,0.004242825729711279,0.004807964521202658,0.005414461485887409,0.006072744423023802,0.006791336559506951,0.007575553694414313,0.008426577450177431,0.009341787150887466,0.010315339991604252,0.011340182586986573,0.012408108668522974,0.013510402569441544,0.014638482921922302,0.01578438687120867,0.016940442256561047,0.018100069360860185,0.019257719519569647,0.020407961701403285,0.021529118636468433,0.022595644858956647,0.02361249215587979,0.024591275164625944,0.025539051070425034,0.026461390440942898,0.027363340164769562,0.028248449358609568,0.029119540253026367,0.029978518205122737,0.030826560352001046,0.031664175718855235,0.03249124917796816,0.03329539145623723,0.03406961717421064,0.034852126546592595,0.03564974426202804,0.036459895608164435,0.03728041671247799,0.038111038377983554,0.038952148338498555,0.039803881573874725,0.04066592902883154,0.04153757952898777,0.04241781388615528,0.04330539124541817,0.04419891951923779,0.04509690938464159,0.04599781270104974,0.04690005273004508,0.04780204617044667,0.04870221970605351,0.04959902253321831,0.050490936215743944,0.05137648294922762,0.052254233052376725,0.05312281192678612,0.05398090629016485,0.05482727030517976,0.055660731938878306,0.05648019789535593,0.05728465834470612,0.058073190894563906,0.05884496352745647,0.0595992365334262,0.060335363384453555,0.0610527905312749,0.06175105610374713,0.06242978757204736,0.0630886985921656,0.06372758502823767,0.06434632033220872,0.06494485057855613,0.06552321007618923,0.06608157420168452,0.06662020194983219,0.0671393684919835,0.06763934857865442,0.06812042020389747,0.06858287193735367,0.06902700629851634,0.06945314316463412,0.0698616240458759,0.07025281022529942,0.07062707772213916,0.07098481479033215,0.0713264235010006,0.07165231378173141,0.07196289958033436,0.07225859635217692,0.07253981918515578,0.07280698732378699,0.07306052236028183,0.07330084267227203,0.07352836260892111,0.07374349265175364,0.07394664685501552,0.07413823700441889,0.07431866836514299,0.07448833916187429,0.07464764420088749,0.07479697938840886,0.07493673241381414,0.07506728185412188,0.0751889972558711,0.07530224596331096,0.07540738999944324,0.07550478081152208,0.07559475962680484,0.0756776582044316,0.07575380465385066,0.07582351887508663,0.07588710959148497,0.07594487488387228,0.07599710243395158,0.07604407191070144,0.07608605608240697,0.07612331651591553,0.07615610401910798,0.07618465907394072,0.0762092122902179,0.07622998490193794,0.07624719064442273,0.07626103507620877,0.07627171465522042,0.07627941730113279,0.07628432278261285,0.07628660308142976,0.07628642272555636,0.07628393909309894,0.07627930269130291,0.07627265741444822,0.07626414078405608,0.0762538841807379,0.0762420131418148,0.0762286473859426,0.07621390103164434,0.07619788284618238,0.07618069645292486,0.07616244052839724,0.07614320899008613,0.07612309117567419,0.0761021720142388,0.07608053218969131,0.0760582482965566,0.07603539298811697,0.07601203508511212,0.07598823973567655,0.07596406870227769,0.07593958041405038,0.07591483013592468,0.07588987006761297,0.07586474945025651,0.07583951467460515,0.07581420937792395,0.07578887452842667,0.07576354849862363,0.0757382671283445,0.07571306377769055,0.07568796934715474,0.0756630122640203,0.07563822004257044,0.07561361853997084,0.07558923164112145,0.07556508126900843,0.07554118738622229,0.07551756798838648,0.07549423909036869,0.07547121453643048,0.07544850828206337,0.07542613400673238,0.07540410373577361,0.07538242779606218,0.07536111476943054,0.0753401714425818,0.07531960266019358,0.07529941477712442,0.07527961421289116,0.07526020579918653,0.07524119271221014,0.07522257640502457,0.07520435637297554,0.07518653337854511,0.07516910978939738,0.07515208643816393,0.07513546248432854,0.07511923534048345,0.07510340056580683,0.07508795657949319,0.07507290282585727,0.07505823707245002,0.0750439553331816,0.07503005167243763,0.07501652003050009,0.07500335842799069,0.07499056389002542,0.07497813164828616,0.07496605507038227,0.07495432583786324,0.07494293999183005,0.074931894261178,0.07492118352293033,0.07491080074209935,0.07490073684182112,0.07489098611213316,0.07488154523168644,0.07487240900591427,0.07486357026985645,0.07485501969341833,0.07484675064538321,0.0748387598687544,0.07483104227404058,0.07482359074305155,0.07481639592893183,0.07480945099368104,0.0748027528869722,0.07479629672511198,0.07479007554149186,0.0747840801023171,0.07477830391326626,0.07477274425074949,0.07476739648485281,0.07476225385468098,0.07475730732658271,0.07475255116845027,0.07474798304038711,0.0747435985785169,0.07473939124688772,0.07473535229179819,0.074731477049948,0.07472776355221271,0.0747242076895249,0.07472080314658801,0.07471754154632392,0.07471441948889872,0.07471143531070926,0.0747085851314362,0.07470586282833207,0.07470326055615767,0.07470077622694443,0.0746984084010285,0.07469615339195784,0.07469400520193838,0.0746919568047669,0.07469000725475608,0.07468815528671505,0.07468639736849164,0.0746847275738872,0.07468313996865235,0.07468163451034374,0.07468021006219615,0.07467886320497831,0.07467758806358647,0.07467638000470471,0.07467523963553621,0.07467416590265816,0.07467315545846435,0.07467220249843642,0.07467130381437745,0.07467046042410923,0.07466967131456621,0.07466893316987444,0.07466824031718991,0.07466759100516399,0.07466698645571417,0.07466642565601739,0.07466590528421604,0.0746654198998442,0.07466496914942018,0.07466455429426314,0.0746641742849108,0.07466382574203795,0.07466350364334391,0.07466320884155221,0.07466294253423537,0.07466270360182216,0.07466248853446611,0.07466229301836486,0.07466211877421934,0.07466196690159586,0.07466183670421185
0.0,1.433629675650111e-7,2.8871867756349177e-6,1.1529750075763662e-5,2.6951135252387062e-5,4.83826267024836e-5,7.49966732613267e-5,0.00010634116386774155,0.00014251172510219642,0.00018417854858664924,0.00023255933817379942,0.00028937628691695763,0.00035682945660829503,0.00043775293478182396,0.0005348200288545475,0.0006510371057935914,0.0007900584895079026,0.0009554107829463844,0.0011505910402581927,0.0013788187566359177,0.00164279495997499,0.0019349194329268092,0.0022402533151780566,0.002561600397706467,0.0029071462938362698,0.0032851486454335116,0.0037027612918259407,0.004165233974589135,0.004675354915349008,0.005233201800440912,0.005836722774368437,0.006483163374927247,0.007168294705836535,0.007887147225576069,0.008634546418724966,0.009405483612643054,0.010194507821096474,0.010997502541028653,0.011810588196138424,0.012629615243266444,0.013436844164115431,0.014209409009373118,0.014947474518469629,0.015658456175048643,0.016347197166807825,0.017017961658682385,0.017674279627590973,0.018318700052765063,0.01895334203983354,0.019579836880517898,0.02019950190610431,0.020813059188997972,0.0214206077304184,0.02201265233182608,0.022570564869194846,0.023117192016152935,0.02366375947345766,0.024212409982902208,0.024763091653791085,0.025316617980131247,0.025874282797644005,0.026437191178305154,0.027006054441982872,0.027581187077537556,0.028162567083604505,0.028749903064473538,0.029342694291221078,0.029940281349634678,0.030541887451038478,0.03114665113895806,0.03175365178494536,0.03236192961253206,0.03297050140637769,0.03357837291282921,0.034184548928201205,0.03478804199235981,0.035387879883083,0.03598311222320147,0.03657281673735447,0.03715610535070983,0.0377321291783718,0.038300083258552685,0.03885921079522887,0.03940880672280372,0.039948220602372436,0.04047685880909416,0.04099418598021463,0.041499725678227455,0.04199306029936089,0.042473830361723114,0.04294173312371152,0.043396520654002624,0.043837997552119326,0.044266033845454286,0.0446806072638284,0.045081761381538646,0.04546955433079657,0.045844047312754224,0.04620530827208803,0.0465534173140377,0.0468884704526899,0.04721058242587462,0.04751989036138524,0.047816552716514284,0.04810074576391734,0.04837266143448276,0.04863250524865394,0.04888049452099796,0.04911685651306854,0.04934182685878391,0.049555648311422375,0.049758569602345884,0.049950844813101546,0.05013273313297547,0.05030449840408795,0.05046640864617005,0.05061873493843401,0.050761751384069916,0.05089573492747796,0.051020964830457885,0.05113772176175026,0.05124628677933088,0.051346941509849836,0.05143996759789442,0.05152564605055628,0.05160425609388251,0.051676074898762345,0.05174137758468225,0.05180043680515842,0.051853522198885164,0.05190089930222887,0.0519428293792058,0.051979569237004225,0.0520113708872803,0.052038481111289975,0.05206114073896362,0.05207958410652537,0.05209403912206177,0.05210472702615284,0.05211186224358799,0.05211565229665864,0.05211629775884601,0.052113992114380565,0.052108921858663296,0.052101266695126776,0.05209119956364748,0.05207888668930108,0.052064487664405454,0.05204815555059928,0.052030036990708184,0.05201027232967658,0.05198899574427055,0.051966335380616555,0.051942413497695974,0.051917346609619726,0.051891245654256436,0.051864216147843104,0.05183635833884672,0.05180776736638375,0.05177853341989889,0.05174874189942036,0.051718473575798375,0.05168780475040105,0.05165680741381745,0.05162554940317505,0.05159409455774244,0.05156250287501871,0.051530830659816534,0.05149913065680927,0.05146745218599952,0.05143584132509883,0.05140434104187728,0.05137299130809869,0.051341829230249734,0.0513108891847908,0.051280202947271675,0.05124979981627793,0.05121970673369022,0.05118994840171382,0.0511605473984831,0.051131524292286894,0.051102897633446095,0.05107468411737902,0.05104689871056365,0.051019554747970396,0.0509926640274382,0.05096623690100192,0.05094028236318143,0.050914808148748235,0.050889820645441106,0.05086532500149929,0.05084132530172257,0.05081782464158181,0.050794825198386455,0.05077232829974384,0.050750334496131776,0.050728843370938075,0.05070785370364747,0.050687363643720576,0.05066737076682801,0.050647872128622796,0.050628864328043297,0.050610343321755916,0.05059230444428857,0.05057474267306192,0.050557652676181154,0.05054102885368192,0.050524865379219935,0.05050915589999136,0.05049389369914313,0.0504790719161461,0.05046468357952979,0.05045072164644794,0.05043717889917393,0.05042404767481652,0.0504113202441717,0.050398988888023924,0.05038704592116602,0.05037548369796096,0.050364294208804596,0.05035346935332617,0.05034300113226342,0.05033288166536057,0.05032310321319837,0.050313657814712434,0.050304537367615046,0.050295733934473175,0.05028723975893288,0.05027904728796642,0.050271148844550625,0.05026353658980262,0.05025620288966262,0.05024914033464938,0.05024234175930588,0.05023579992166395,0.050229507421005674,0.05022345708916112,0.05021764201138245,0.0502120555422938,0.05020669096547611,0.05020154142614354,0.05019660032316239,0.05019186132628099,0.05018731838735823,0.0501829653601176,0.050178795995637605,0.05017480431409776,0.05017098461534067,0.05016733148220459,0.05016383934952701,0.050160502599987875,0.05015731589428624,0.050154274175095666,0.050151372656478524,0.050148606342697,0.0501459702489217,0.050143459670008605,0.05014107018099104,0.05013879760025746,0.05013663747820589,0.05013458544444845,0.05013263740363947,0.05013078953816362,0.050129038218938556,0.05012737951935676,0.05012580964975286,0.050124325088184755,0.05012292258711506,0.050121599008906045,0.05012035092216194,0.05011917507559693,0.050118068476868685,0.05011702840228381,0.0501160521429667,0.05011513673068464,0.05011427940560805,0.050113477657313714,0.05011272923373653,0.05011203179515321,0.050111382801293174,0.050110779935100144,0.050110221119152004,0.05010970451727169,0.05010922810527462,0.05010878973355204,0.050108387479442296,0.050108019650295106,0.050107684768540786,0.05010738107952177,0.0501071067858751,0.050106860312724565,0.05010664030712183,0.050106445589470104,0.05010627464027529,0.050106125974640696,0.05010599832162721,0.05010589062752359,0.0501058019462331,0.05010573097241886,0.05010567649270136,0.050105637463992866
0.0,2.2846757049905843e-8,6.462921718133501e-7,3.2113610958466406e-6,8.636484121588748e-6,1.6451670703632717e-5,2.6536631636888275e-5,3.873569466546033e-5,5.311912885507376e-5,7.002029462498895e-5,9.00409787292917e-5,0.00011404844314743127,0.00014319077037580166,0.0001790230703438257,0.00022301076206286167,0.0002768126363246354,0.0003426514405487342,0.00042266225833492374,0.0005193648077203376,0.0006351515530099126,0.0007722450836996324,0.0009275305314458417,0.0010931335491690356,0.0012692028786938211,0.0014604359715783316,0.0016720153069671641,0.0019087089231660224,0.002174341350351139,0.0024716635007625836,0.0028014561040316955,0.0031637787968944162,0.0035582462505960185,0.00398302662606206,0.004435642131345726,0.004913389369009231,0.005413413454923694,0.005932131776447441,0.006467611846467924,0.007017347596238418,0.0075784442741819716,0.00813791497028712,0.008678882843041741,0.009199691843414534,0.00970428967750289,0.010195258385742322,0.010675263189094867,0.011146287326695408,0.01160983917856189,0.012067150702552201,0.012519335798519157,0.012967532341079877,0.013412328389678286,0.013853788850514736,0.014284777232324006,0.014685772753358353,0.015068606519031184,0.015443648667603968,0.015814728412723758,0.01618295573461588,0.016549619610989295,0.016916237748213846,0.017284169867173512,0.01765446066299485,0.01802782246440231,0.018404672990444015,0.018785183621327972,0.01916932645584685,0.019556915718267006,0.019947641477353943,0.02034109858333188,0.020736809902368487,0.02113424495139551,0.021532834764237885,0.021931983604311308,0.022331078359672338,0.022729496456211605,0.023126612534340858,0.023521804008354148,0.0239144560870344,0.024303966771326388,0.024689750956746068,0.0250712441443513,0.025447905929432735,0.02581922304916062,0.02618471199790453,0.026543921200327173,0.026896432719016577,0.027241863458536682,0.02757986587499777,0.027910128273770807,0.02823237463780716,0.028546364060568288,0.0288518899102183,0.029148789780239322,0.029436976702417687,0.02971640972039666,0.02998705729534987,0.03024888988898333,0.030501883763897442,0.030746026218579987,0.030981317768999112,0.031207774316787965,0.031425429776761375,0.03163433516260628,0.031834555858318965,0.032026170504988474,0.032209272669616686,0.03238396709881152,0.032550367451902824,0.032708594889222425,0.03285877700080939,0.033001051255845786,0.033135563950649434,0.033262466255882764,0.03338191368817479,0.033494066298558695,0.033599093936575154,0.03369717215065622,0.03378847920669997,0.0338731957102671,0.033951507099690185,0.03402360672750184,0.03408968924636701,0.03414994986327579,0.03420458423656433,0.03425379306718982,0.03429777973984738,0.034336746372080396,0.034370893775609396,0.03440042168226472,0.034425532496072685,0.03444642780699831,0.034463305996342584,0.03447636225976039,0.03448578842733319,0.03449177428511818,0.03449450801363519,0.034494172851064424,0.03449094706228715,0.03448500390498896,0.034476511618650986,0.03446563345617881,0.034452528694974324,0.03443735187670687,0.03442025191638271,0.034401372273917166,0.0343808509797512,0.03435882068732993,0.0343354087340144,0.034310737199796645,0.03428492296647628,0.03425807778020389,0.03423030831924925,0.03420171627262166,0.034172398480677386,0.034142446898058496,0.03411194870625938,0.034080986459850394,0.03404963821458702,0.03401797765821428,0.0339860742436139,0.03395399332372193,0.03392179628758474,0.03388954069680372,0.033857280421548765,0.03382506577532964,0.03379294362521473,0.033760957541045765,0.03372914803468948,0.03369755262905325,0.033666206030806785,0.03363514026454489,0.033604384761105985,0.03357396646942887,0.03354390997132271,0.03351423758386445,0.033484969450772326,0.033456123624509865,0.03342771613970309,0.03339976106168736,0.03337227050946936,0.03334525579866193,0.03331872694162021,0.03329269245085598,0.03326715937252657,0.033242133311915875,0.03321761845146351,0.033193617561996396,0.03317013188672451,0.03314716278768772,0.033124711486762076,0.03310277809746451,0.03308136160686643,0.03306045985458524,0.033040069508020874,0.03302018596727654,0.03300080583958643,0.032981925915333714,0.032963541994625103,0.032945648844613235,0.03292824015598795,0.032911308379409115,0.032894847032902,0.032878850946436666,0.03286331402045804,0.03284822912848866,0.03283358806520877,0.03281938147064531,0.032805602198257865,0.03279224400344494,0.032779299611896184,0.03276676066334264,0.032754617569985885,0.03274286081917441,0.03273148397601963,0.03272048005377089,0.032709840941077005,0.032699557348849814,0.032689618934702215,0.03268001862045646,0.03267074996512043,0.032661805346839504,0.03265317591676343,0.03264485150304923,0.03263682447281443,0.032629089029649866,0.03262163816471748,0.032614463584025165,0.03260755556599842,0.03260090643396716,0.032594511035357834,0.032588363017755535,0.032582454685520325,0.032576776853762666,0.03257132223044823,0.032566086326965,0.03256106343849796,0.03255624646276653,0.032551626765467634,0.03254719775479937,0.032542955615379135,0.03253889524906176,0.032535010111764955,0.03253129210958176,0.032527735579044675,0.03252433734929004,0.03252109286974913,0.032517996101998355,0.032515039484851044,0.03251221843911968,0.03250953036776516,0.03250697119992088,0.03250453534150597,0.032502215776457476,0.03250000909384916,0.03249791317037291,0.03249592434432178,0.03249403739548131,0.032492245914909096,0.032490547647106204,0.032488940838306606,0.032487422166570856,0.03248598669418908,0.03248462878281895,0.03248334717088851,0.03248214039984596,0.032481005421546694,0.03247993750621568,0.03247893194585496,0.032477988268029424,0.03247710524367474,0.03247628003718075,0.032475508081464065,0.03247478571863683,0.03247411305576396,0.032473489033621704,0.032472910973174444,0.032472374458452406,0.03247187694581802,0.0324714189274157,0.03247099946037268,0.03247061597179074,0.032470264219337096,0.03246994277597009,0.03246965235183266,0.03246939207295108,0.032469159427544816,0.03246895040148349,0.03246876462548658,0.03246860289399997,0.03246846436019266,0.03246834652182219,0.03246824571148146,0.03246816246709372,0.032468097580639364,0.03246805019597033,0.03246801775615738,0.032467997136395615,0.03246798952912612,0.03246799568879584,0.03246801509228666
0.0,3.27244792834276e-9,1.884155247235686e-7,1.2235487674604626e-6,2.449207705361033e-6,4.916426612081235e-6,8.196015342878964e-6,1.2233402820979641e-5,1.7051802021648282e-5,2.277325547103755e-5,2.9624744141416418e-5,3.7940701789100824e-5,4.816874781427068e-5,6.0980655326917307e-5,7.727895799285116e-5,9.807019584466994e-5,0.0001242189098473176,0.00015697986752946533,0.0001979092781357027,0.0002484428172753964,0.00031014660056486674,0.0003827147915735103,0.0004635134413900284,0.0005520448056165303,0.0006508228802207685,0.0007624668576064282,0.0008895774971962732,0.0010343589957335962,0.001198865198084818,0.0013835208854763436,0.0015894737408053102,0.0018171994731560706,0.00206605143440884,0.002334934301958282,0.002622683157840008,0.0029276690031930573,0.0032478095345431007,0.0035826625008224837,0.0039306527367994155,0.0042900403233844435,0.004654587891567104,0.005013779305067148,0.005364789004413368,0.005708810353839787,0.006046815538836908,0.006380043751773787,0.006709197724673578,0.007034795525385928,0.00735719742168808,0.007676980844745968,0.007994935573267652,0.008311325275077868,0.00862606348738208,0.008933543628576778,0.009217956355761638,0.00948530177768114,0.009743155582809577,0.009995146917960161,0.01024264502052744,0.010486906930849187,0.010729237182039022,0.010970804537792974,0.011212556487674332,0.011455205552079831,0.011699250316490868,0.011945005172371438,0.012192630631497331,0.012442161372522586,0.01269353077296619,0.012946591844507067,0.01320113450211494,0.01345689970316054,0.013713590975126401,0.013970883513385157,0.014228431521639436,0.014485874378713477,0.014742841711003514,0.01499895766112338,0.015253844692378673,0.015507127292548852,0.015758434983554098,0.016007404941003917,0.016253684592646526,0.016496933922587546,0.01673682749967299,0.01697305624101122,0.01720532889773489,0.01743337323056099,0.017656936884251528,0.01787578800678932,0.018089715561072885,0.018298529376984684,0.0185020600225899,0.018700165988808394,0.01889275567229949,0.019079767760661785,0.019261146140168516,0.019436835319413023,0.01960678350859509,0.019770946169252974,0.0199292882505862,0.02008178585301412,0.02022842827454549,0.020369217609129898,0.02050416711635258,0.020633300374042995,0.020756650675948646,0.020874260090481475,0.020986178591668545,0.021092463365017064,0.021193178235561404,0.021288393664225295,0.021378186546354788,0.021462639732377147,0.02154184185565677,0.021615887222678057,0.02168487583195803,0.021748913054831887,0.021808109322115934,0.021862579865896514,0.021912444523617732,0.02195782753015575,0.021998856975293326,0.022035664423568194,0.02206838451116564,0.022097154758221604,0.022122115141347903,0.022143407563175566,0.022161175507607,0.022175563638978192,0.022186717450406526,0.022194782681964793,0.022199904826583516,0.022202228774259473,0.02220189838446329,0.022199056053462323,0.022193842287414008,0.022186395235571994,0.022176850378715873,0.02216534026550553,0.02215199428671849,0.022136938480775706,0.022120295385206,0.022102183852959253,0.022082718953270547,0.02206201187891376,0.022040169830741994,0.0220172959606237,0.021993489339817648,0.021968844941381283,0.02194345363767163,0.021917402213328285,0.02189077339309147,0.02186364588337043,0.021836094427409858,0.021808189867737162,0.02177999922172688,0.021751585766414918,0.02172300913032931,0.021694325391691797,0.021665587181941642,0.021636843793590953,0.02160814129148483,0.02157952262660468,0.021551027751619597,0.021522693737462986,0.021494554889868234,0.021466642866428326,0.02143898679086914,0.02141161334792226,0.02138454694091394,0.021357809812012248,0.021331422108321042,0.021305401988556284,0.02127976573494429,0.02125452785689056,0.021229701188986302,0.0212052969851427,0.021181325009348533,0.021157793622883243,0.021134709867958592,0.021112079563696318,0.021089907375273022,0.021068196884571868,0.0210469506609933,0.021026170329041808,0.0210058566327549,0.020986009497050456,0.02096662808451012,0.02094771087172198,0.02092925569776955,0.020911259801512486,0.02089371986871752,0.020876632076661867,0.020859992136313996,0.020843795331332696,0.020828036585445027,0.020812710485034844,0.02079781129857977,0.020783333007973435,0.02076926933797287,0.020755613782457313,0.020742359657189447,0.020729500126631984,0.020717028201168757,0.020704936757827856,0.020693218560135694,0.020681866276349003,0.020670872534362533,0.02066022992306496,0.020649930986260404,0.020639968236499225,0.020630334166953652,0.020621021277876867,0.02061202212010516,0.020603329266046945,0.020594935313347336,0.0205868328934173,0.020579014681082232,0.020571473447800685,0.020564202040332796,0.020557193367802085,0.020550440407064864,0.020543936206989737,0.020537673933488564,0.020531646866079018,0.020525848369739703,0.020520271897601184,0.02051491099250082,0.02050975932547996,0.02050481070275473,0.020500059029043234,0.020495498307772923,0.020491122640964688,0.020486926265003383,0.020482903560637207,0.02047904901223985,0.020475357206376183,0.0204718228306345,0.020468440710080558,0.020465205814442278,0.02046211321627908,0.020459158088857,0.020456335704476764,0.02045364147415628,0.020451070947303168,0.02044861977132817,0.020446283689486366,0.020444058539354697,0.020441940297225947,0.020439925066589898,0.02043800904167497,0.02043618850550325,0.020434459829394916,0.020432819522266527,0.020431264205542414,0.020429790582897015,0.02042839543838211,0.020427075638444165,0.020425828184198545,0.02042465017274879,0.0204235387744866,0.020422491230834162,0.02042150486168202,0.02042057711490943,0.02041970551836795,0.0204188876640064,0.020418121205143122,0.020417403871861042,0.02041673351182064,0.02041610803804709,0.02041552541857363,0.02041498367342091,0.020414480899519912,0.020414015297883472,0.020413585122071167,0.020413188671914523,0.020412824290655964,0.02041249039976919,0.020412185509139796,0.02041190817026627,0.02041165697270464,0.020411430542100893,0.02041122758400807,0.020411046875570268,0.020410887226401338,0.02041074747658342,0.020410626496592348,0.020410523237987126,0.020410436706973265,0.020410365934663898,0.020410309975612866,0.020410267911464934,0.020410238904089308,0.020410222154369554,0.020410216881726156,0.02041022232239596,0.020410237739731666,0.020410262472600686,0.02041029588613136,0.020410337362125264
0.0,3.873213389102334e-10,-2.9689070429967605e-10,-3.563489678093033e-7,5.881944576939593e-7,1.2534151211793817e-6,2.1762174194791324e-6,3.3481630895454014e-6,4.783141732075969e-6,6.527252104052604e-6,8.663419445019507e-6,1.1314843036354339e-5,1.4649391432811225e-5,1.8903256125398033e-5,2.4418882179806848e-5,3.158165759043813e-5,4.0829223729491074e-5,5.2951560539455416e-5,6.852501567686455e-5,8.824869132872778e-5,0.00011290723307996534,0.00014342887492294155,0.00017899149482118742,0.00021938122891074303,0.0002656357942695358,0.000318948184513523,0.0003807228700262669,0.0004521948724083378,0.0005348571466324477,0.0006286887705677703,0.0007355131991745108,0.0008559069343072427,0.0009898370661412593,0.00113697609854334,0.0012971362353250708,0.0014692804994442584,0.0016527133207950833,0.0018477528070423978,0.0020534627870598472,0.0022689167663519543,0.002491409440332272,0.002715464926968033,0.0029385973009611486,0.0031606890507561063,0.0033821759938020444,0.003603479344119571,0.0038245493702558074,0.0040452473149270385,0.004265411943148033,0.004485325416286891,0.004705453340593642,0.004925737424731313,0.005145931196243587,0.005362014714810089,0.005562545771146246,0.005750265847006453,0.00592996620663505,0.006104365375396417,0.006274586130961818,0.006441599559991085,0.006606338514123089,0.0067696289327445446,0.006932154870610201,0.007094451368577773,0.007256915743132345,0.007419824160948917,0.00758334947079215,0.007747578291238541,0.007912526100456674,0.008078150828835179,0.00824436435618273,0.008411042149857724,0.008578031342830231,0.008745157091661558,0.008912227797675124,0.009079039516098442,0.009245379558606407,0.009411029494413374,0.009575767699834552,0.009739372011560351,0.009901621687404648,0.010062299056080769,0.010221191266257692,0.010378091795739465,0.010532801769978685,0.010685131115800245,0.010834899546621245,0.01098193736017935,0.011126086056482552,0.011267198806436611,0.011405140731893576,0.01153978902976311,0.011671032986740321,0.011798778760433672,0.011922964092992797,0.012043545478049074,0.01216048142394141,0.012273729642064145,0.012383249507285839,0.012489004898394489,0.012590965548925494,0.012689108203127138,0.012783417966949874,0.012873888002433763,0.012960518391830182,0.013043315735516233,0.013122293795776552,0.01319747211908946,0.013268875200809068,0.013336531981601216,0.013400475433229557,0.013460744056630667,0.013517381576931175,0.013570435419375115,0.013619956611463917,0.013665999939418949,0.01370862595873306,0.013747899526422167,0.01378388872944348,0.013816664761615673,0.013846302849317507,0.013872883379655096,0.013896489418598022,0.013917206383572269,0.013935121918120465,0.013950327552905602,0.013962917751173882,0.013972988288188515,0.013980636132193889,0.013985959392099798,0.013989058547747828,0.013990034992604431,0.013988989984538281,0.013986024495820122,0.013981238971638239,0.01397473363108274,0.013966608445830858,0.013956961741038306,0.013945890027444351,0.013933487842311455,0.013919847608082257,0.013905059515976365,0.013889211775007081,0.013872390209138228,0.013854677872436046,0.013836155019980576,0.013816899015194825,0.013796984290749556,0.01377648232082834,0.013755461599496673,0.013733987628024477,0.013712122912430022,0.013689926971536525,0.013667456356958414,0.013644764702840316,0.013621902718197949,0.013598918239507055,0.013575856300771863,0.01355275920177022,0.013529666581385508,0.013506615495310988,0.013483640497362604,0.013460773723649093,0.013438044978841915,0.013415481823800497,0.01339310966385073,0.01337095182904122,0.013349029668700682,0.013327362676345694,0.013305968540063393,0.01328486328074214,0.013264061339791508,0.013243575617548676,0.013223417558816156,0.013203597236204912,0.013184123423904943,0.013165003665265431,0.013146244335635458,0.013127850700817872,0.013109826965449095,0.013092176311052918,0.01307490132586346,0.013058003855447,0.013041484959189243,0.013025344946422124,0.013009583408461693,0.012994199246785219,0.01297919069761305,0.012964555310855108,0.012950290543228585,0.0129363936835521,0.012922861530162569,0.01290969039961227,0.01289687613339659,0.01288441410247234,0.01287229918640973,0.012860526645215318,0.012849091772030714,0.01283798949431083,0.012827214368100758,0.0128167605713609,0.012806621854995804,0.012796792350236673,0.012787266658500676,0.012778039079189597,0.012769103581505058,0.012760453791581897,0.012752082970891318,0.012743985185887735,0.012736154856317338,0.012728586089698813,0.012721272665062372,0.012714207986874913,0.012707385537680364,0.012700799916918257,0.01269444558762849,0.012688316680306589,0.01268240697615043,0.012676709951346473,0.01267122026772072,0.012665932865903446,0.012660842338560272,0.012655942915197445,0.012651228429605844,0.012646693651385113,0.01264233404298263,0.012638144708461108,0.01263412036855235,0.012630255311589638,0.012626544589371938,0.01262298418117376,0.012619569710392525,0.012616296394883262,0.012613158996325579,0.012610152983913167,0.012607274846617039,0.012604520708644647,0.012601886266511897,0.012599366742155133,0.012596958112048147,0.012594657358478029,0.012592461072004494,0.0125903653946355,0.012588365983372991,0.012586459378282703,0.01258464302264723,0.012582913930234628,0.01258126864734059,0.012579703239994503,0.012578214841901103,0.01257680130949669,0.012575460032795008,0.01257418791761341,0.012572981419557762,0.012571838271163188,0.0125707566841706,0.012569734377237558,0.01256876856823504,0.012567856100533174,0.012566995278157609,0.012566184609754404,0.012565422096385708,0.012564705214406663,0.012564031229179075,0.012563398939068706,0.012562807102810146,0.012562253960194987,0.012561737199720131,0.01256125454318682,0.012560805192864137,0.012560388115299376,0.012560001748584106,0.012559643958753919,0.012559312946456739,0.012559008227494775,0.012558728937759257,0.01255847367677164,0.01255824046682235,0.012558027992475754,0.012557835999699462,0.012557663759133962,0.01255750999852064,0.012557372888601098,0.01255725158346812,0.012557145987031641,0.012557055473896416,0.012556978870404236,0.012556914500674058,0.012556861954636874,0.012556821235078855,0.012556791793410323,0.012556772524355584,0.01255676193395369,0.012556759984396662,0.01255676673599832,0.012556781693211125,0.012556803786135256,0.012556831759393355,0.012556865850285686,0.012556906154553545,0.012556952337550812
0.0,4.143767376081888e-11,2.2207827431186755e-8,6.768274065741064e-7,1.300253031645665e-7,2.9532940884881056e-7,5.36166004611906e-7,8.537637188389618e-7,1.2553313443114138e-6,1.7579900654912357e-6,2.391185340943431e-6,3.1988623813535103e-6,4.2420987182912855e-6,5.605344520708119e-6,7.413781970990807e-6,9.814692349471367e-6,1.2979611290192307e-5,1.7196141439673744e-5,2.271918459897501e-5,2.9827453123235972e-5,3.883188472682741e-5,5.0001596020211475e-5,6.307187255894813e-5,7.866872173377618e-5,9.677652147444614e-5,0.00011776187113364832,0.00014219296719547122,0.0001705600570234688,0.00020381157694250143,0.0002448523351891056,0.00029403697984758313,0.00035084826113547936,0.00041547420115409814,0.00048788847997292145,0.0005683847458965511,0.000656012337854223,0.0007512810726911798,0.000854542603059022,0.0009652620778947712,0.0010830717254147674,0.0012074073274274681,0.0013360178826308073,0.0014671054988711525,0.0016001753869655958,0.001735673071350675,0.0018734860209652384,0.002013240536305727,0.0021544564519896396,0.002296765809366662,0.00244037045736004,0.002585472177834058,0.0027317971332449925,0.002879021471761694,0.003024644487666659,0.0031614475134790067,0.00329039282231951,0.003414041940522582,0.003534040783546949,0.003651114811532356,0.00376586754152505,0.0038788418120126915,0.00399050764285607,0.004101258225174357,0.004211408799106116,0.004321201797124732,0.004430814031353996,0.00454036467250428,0.004649923387510995,0.004759518157481067,0.0048691424048664745,0.004978761248861655,0.005088316957595565,0.005197733712547289,0.0053069213214468995,0.005415778414240971,0.005524195182672275,0.005632055585826449,0.005739239287650949,0.0058456232135727275,0.005951083378778872,0.006055495935014627,0.006158738153024927,0.006260689543167117,0.006361232772099701,0.006460254454223771,0.0065576458456867584,0.006653303440733876,0.006747129457511467,0.006839032221552268,0.006928926466324033,0.007016733522982599,0.007102381422565342,0.007185804936297831,0.007266948642964374,0.007345776607268613,0.007422264157482587,0.0074963869182176545,0.007568119131289495,0.007637435382093706,0.007704312377509277,0.007768730127291505,0.007830672753407325,0.007890129451106129,0.007947094380006937,0.00800156603327781,0.00805354693482627,0.008103043258497613,0.008150064672712069,0.008194624122919688,0.008236737644975243,0.008276424167746103,0.008313705499737594,0.008348606293536315,0.008381154104364255,0.008411379469500706,0.008439315923966406,0.00846499965611469,0.008488469730176125,0.008509768223094842,0.008528940174684651,0.00854603332685311,0.008561097795805526,0.008574186353786874,0.008585354308326814,0.00859465928710068,0.008602160808439242,0.008607920223300062,0.00861200070558364,0.008614467063381244,0.008615385471595642,0.00861482292851047,0.008612847184161413,0.008609526621142598,0.008604930005462193,0.008599126210041207,0.008592183808917155,0.008584170748720686,0.008575154310503449,0.008565200882786906,0.008554375762265191,0.008542742975255074,0.008530365115443524,0.008517303128650342,0.008503616216812974,0.008489361853806237,0.008474595658008384,0.00845937128141683,0.008443740354168753,0.008427752439170228,0.008411454996920736,0.008394893362533526,0.008378110734872171,0.008361148177025022,0.008344044626764618,0.008326836912659862,0.008309559790888758,0.008292245979861484,0.008274926199513503,0.008257629217823621,0.008240381902294527,0.00822320927559519,0.008206134574627105,0.008189179312332198,0.008172363341620843,0.00815570492085777,0.0081392207803983,0.008122926191189036,0.008106835030813447,0.008090959840127325,0.008075311870125142,0.008059901206710582,0.008044736817957882,0.008029826579803103,0.008015177349243976,0.008000795030481294,0.007986684634643446,0.00797285033667425,0.007959295530363505,0.007946022881676413,0.007933034381427733,0.007920331397312628,0.007907914650937684,0.007895784299435596,0.007883939994947645,0.007872380926880413,0.007861105862472283,0.00785011318568426,0.007839400934429867,0.007828966843976794,0.007818808274706152,0.007808922261197955,0.007799305605046653,0.007789954904507315,0.007780866582633073,0.007772036914047779,0.007763462054666468,0.007755137905027522,0.007747060197160966,0.007739224589432887,0.007731626687427905,0.0077242620636716565,0.007717126283877596,0.007710214774027898,0.0077035228187578245,0.007697045717650156,0.007690778803238174,0.007684717455232309,0.0076788571154484285,0.007673193082249094,0.007667720603222616,0.007662435006470887,0.007657331711451,0.007652406244646991,0.007647654162695611,0.0076430708669633874,0.0076386518400267415,0.00763439268673633,0.0076302891417335894,0.007626337065265946,0.007622532172156096,0.007618870202121026,0.007615347038051064,0.00761195871126224,0.007608701409622111,0.0076055712341881925,0.007602564245599966,0.007599676658995016,0.007596904849659988,0.0075942453628961735,0.0075916946945017195,0.0075892492610989725,0.007586905636679254,0.00758466056183609,0.007582510953020151,0.007580453688181288,0.007578485549050181,0.007576603475523956,0.007574804576685188,0.007573086138764457,0.007571445398254803,0.0075698794949199824,0.007568385728032658,0.007566961565844286,0.007565604651241008,0.007564312549009362,0.0075630827410475875,0.007561912870325443,0.00756080074662465,0.007559744347612288,0.0075587415328858,0.007557790106139008,0.007556888032498568,0.00755603344041424,0.0075552246140127375,0.007554459674158395,0.007553736723763904,0.00755305402513782,0.007552409999971324,0.0075518032046868345,0.007551231991679448,0.007550694738828474,0.007550189978996902,0.007549716401757551,0.0075492727943136705,0.007548857719579291,0.007548469803869787,0.007548107823616116,0.007547770709938623,0.007547457439849774,0.007547166768993287,0.0075468975457345586,0.0075466487636463905,0.007546419568225563,0.007546209089008793,0.007546016258171677,0.007545840120780683,0.0075456798623226105,0.007545534815010441,0.007545404228860031,0.007545287197230483,0.007545182938047302,0.007545090805099453,0.007545010289530747,0.007544940735770867,0.007544881383417537,0.007544831601209794,0.007544790889499671,0.007544758870800699,0.007544734964022198,0.007544718540243903,0.007544709098929327,0.007544706267997405,0.00754470977207263,0.007544719092739669,0.007544733717189732,0.007544753257535737,0.007544777453409152,0.007544806099741693,0.00754483873775939,0.007544874954448926,0.007544914434891675
0.0,4.2927356657601935e-12,-8.715370094059607e-9,-5.835392688655509e-7,2.795324646084959e-8,6.774739941860775e-8,1.2881360493826848e-7,2.1270015410270899e-7,3.2257939566589765e-7,4.6465655323038764e-7,6.492215531816369e-7,8.917171771542653e-7,1.2140559822302735e-6,1.6467999507486053e-6,2.235402576606213e-6,3.036366703713764e-6,4.117924855227506e-6,5.584844294016395e-6,7.546764417285747e-6,1.0116806379833244e-5,1.3419879819888017e-5,1.7536798873597214e-5,2.2369583838966046e-5,2.802338362050812e-5,3.4552966728431875e-5,4.204255180871084e-5,5.075254833959292e-5,6.152671498956314e-5,7.431904424535767e-5,9.003425701780711e-5,0.00010917480022729186,0.000131564831663153,0.00015727747348010543,0.0001862311846240309,0.0002187494466664655,0.00025643877840886623,0.0003008619550879722,0.00035023158693733093,0.0004042816981022304,0.00046298979732484153,0.0005264919291126883,0.000594100637319265,0.0006646184880689696,0.000737778195763302,0.0008142542654619063,0.0008937012205142622,0.0009757358434357187,0.0010598040884714657,0.00114559693660854,0.0012334113539781712,0.0013232826013547525,0.0014148756277761122,0.001507889887317265,0.0016007761580917705,0.0016893999508773554,0.0017740624282486864,0.0018559400852038966,0.0019358744295410425,0.0020142517184130082,0.0020913849646137356,0.0021675378616469237,0.0022429298909008993,0.0023177429631708623,0.0023921232630403737,0.00246618374365214,0.002540006682016141,0.0026136466232813747,0.0026871335715805363,0.0027604761281586447,0.002833664691823208,0.002906674397844348,0.0029794678702729635,0.0030519977392520787,0.0031242085491200206,0.0031960385612393384,0.0032674213216798724,0.0033382869200762086,0.0034085631828324435,0.0034781764932086665,0.003547053133140153,0.003615119639762097,0.003682303429837235,0.0037485335097838983,0.0038137410053090967,0.003877859609333509,0.003940825970769785,0.004002580023996815,0.004063065251077882,0.004122228882803552,0.004180022051667871,0.004236399878795243,0.004291321511694037,0.0043447501263186245,0.004396654925504165,0.004447017396280697,0.00449582582137589,0.004543068180049184,0.004588731121572662,0.004632801168675499,0.004675266007277033,0.004716115182565135,0.004755340637071787,0.004792937320905432,0.004828903083556216,0.0048632382343391555,0.004895945397501267,0.004927029657555188,0.004956498158754462,0.00498435985442525,0.0050106253514357315,0.005035306748050687,0.00505841831936,0.005079976289310501,0.005099998424040609,0.005118504109371738,0.005135514445980446,0.005151052820671011,0.005165144553239484,0.0051778166407403245,0.0051890977451502915,0.005199018450605664,0.005207611565483762,0.005214911459792534,0.005220953960260597,0.005225776267644022,0.005229417442878373,0.005231918065805458,0.005233319734002211,0.005233665004412359,0.005232997316312836,0.005231361238244857,0.005228802000959682,0.00522536514139365,0.0052210963871749585,0.005216041505981322,0.0052102462902598205,0.005203756459841263,0.00519661721119774,0.005188873096649645,0.005180567911670604,0.005171744592074131,0.005162445122780244,0.005152710541916972,0.005142580773081008,0.005132094536641166,0.005121289257399495,0.005110201001568949,0.005098864449693327,0.005087312868600391,0.00507557808837028,0.005063690486556214,0.005051678979849629,0.005039571022915246,0.005027392614361592,0.0050151683140481195,0.0050029212491868435,0.00499067313884779,0.0049784443255481755,0.004966253808677968,0.0049541192811908994,0.004942057169063009,0.0049300826730259645,0.004918209812106017,0.004906451468518362,0.004894819433492218,0.004883324453633885,0.004871976275461023,0.004860783693544685,0.004849754602796602,0.004838896019735927,0.004828214199136065,0.004817714634718967,0.004807402080933832,0.004797280609837562,0.004787353655097608,0.004777624050615728,0.00476809406681499,0.004758765445076074,0.004749639430343014,0.0047407168004569575,0.004731997892142404,0.00472348272242435,0.0047151709666447125,0.00470706196189399,0.004699154729284135,0.004691447994464211,0.004683940206457076,0.004676629554906141,0.0046695139754764315,0.004662591304672246,0.004655859270504399,0.004649315422169491,0.004642957140236218,0.004636781645807005,0.004630786008624099,0.004624967148480048,0.0046193220535347135,0.004613847700963944,0.004608540964893488,0.004603398619783411,0.004598417343206352,0.004593593707987234,0.004588924382097806,0.004584406153610794,0.004580035746013616,0.004575809814211252,0.0045717249439965035,0.0045677776491546,0.004563964657337202,0.004560282802118464,0.004556728863169468,0.004553299563870505,0.004549991561522936,0.004546801558272993,0.004543726553834759,0.004540763542491444,0.004537909466372604,0.004535161212104941,0.0045325156221293975,0.004529969856164198,0.0045275211718111795,0.004525166773051945,0.004522903806820528,0.004520729355293967,0.004518640758274982,0.004516635554297261,0.004514711226113272,0.0045128651946036895,0.004511094806798665,0.004509397625061845,0.004507771466492136,0.004506214092136921,0.004504723194726813,0.004503296386145294,0.004501931478589851,0.0045006265597041,0.004499379657282725,0.004498188723682409,0.004497051624093882,0.004495966433374923,0.004494931496352644,0.00449394508939146,0.004493005406217457,0.004492110548658029,0.004491258856982595,0.0044904489142827105,0.0044896792237359385,0.004488948198964807,0.004488254160474248,0.004487595709431058,0.004486971643769999,0.004486380670203326,0.004485821399455977,0.004485292354011262,0.0044847923851932415,0.00448432047982951,0.004483875524724105,0.0044834563043391895,0.004483061530867864,0.004482690287431009,0.004482341723977038,0.004482014884664364,0.004481708703287843,0.004481422078684223,0.004481154295909644,0.004480904645642147,0.0044806723078981885,0.0044804563438062975,0.00448025583652586,0.004480070240696996,0.00447989896717846,0.004479741311901668,0.004479596444957267,0.0044794636294048255,0.004479342457957311,0.004479232442860857,0.004479132977726553,0.004479043327312704,0.004478962926832412,0.004478891478123727,0.004478828577838018,0.004478773700793734,0.004478726196261697,0.004478685660040303,0.004478651877718533,0.004478624515169518,0.004478603113690262,0.0044785871008588135,0.004478576217692985,0.004478570312200452,0.0044785691060251365,0.004478572192918583,0.004478579079113022,0.00447858962908906,0.004478603737049128,0.004478621168594447,0.0044786415560401855,0.00447866449221693,0.004478689935981149,0.0044787178169360614,0.00447874796541356
0.0,3.5361869007089397e-13,4.2349198597946486e-9,4.5469119619899006e-7,4.9909030038996854e-9,1.3073794059837206e-8,2.63536954369944e-8,4.567879276551279e-8,7.232996322465282e-8,1.0846568580684085e-7,1.5753375747214673e-7,2.2474490900154041e-7,3.1768479149761035e-7,4.473297620916767e-7,6.301800698983875e-7,8.87991644439609e-7,1.2482460528541937e-6,1.7503033064836259e-6,2.440853416153527e-6,3.3677378456957502e-6,4.582957369354829e-6,6.117681170459274e-6,7.931478084828217e-6,1.0017936781865859e-5,1.2401701280906005e-5,1.5095775091032429e-5,1.818140386889797e-5,2.195027471705953e-5,2.644036639398448e-5,3.1900533732552745e-5,3.858840426999575e-5,4.6445968124372634e-5,5.550055977603383e-5,6.634548596733194e-5,7.871297891035325e-5,9.296078641171594e-5,0.00010995115438228654,0.0001290502788133521,0.00015005803811538076,0.00017305198888722546,0.0001980040418038306,0.00022473620611438208,0.00025412595857434773,0.00028833180776289456,0.00032635587674832126,0.00036699226325657324,0.0004099698102363278,0.00045482755872405757,0.0005014155171732793,0.000550169640502891,0.0006010015213613859,0.0006536194775382851,0.0007078013209661214,0.0007627296032770934,0.0008163800583257361,0.0008687825564985612,0.0009203307622259026,0.0009713438546141266,0.0010219595633293712,0.001072282593209973,0.0011223889242570227,0.0011723313253444467,0.0012221477477593818,0.0012718644614012466,0.0013214975011885987,0.001371053203496812,0.001420528641488609,0.0014699122206586752,0.0015191844552233282,0.0015683188849193257,0.0016172830056330099,0.0016660393584533434,0.0017145465530611617,0.001762760010634334,0.0018106328364468813,0.0018581165833012278,0.001905161849651227,0.001951718980265694,0.0019977384079103845,0.0020431716423694657,0.0020879711184838877,0.0021320906449986817,0.002175485815850929,0.002218114272910412,0.0022599359189164297,0.0023009130941208694,0.0023410107156233173,0.002380196374382871,0.002418440394482769,0.002455715863779105,0.0024919986255748576,0.0025272672438619707,0.002561502947809111,0.00259469088414172,0.0026268240733129866,0.002657899739908788,0.002687914793651439,0.0027168651752465375,0.0027447465921520598,0.0027715552939987943,0.0027972885553340368,0.002821945020119427,0.0028455250925224535,0.002868030861506596,0.0028894658305597893,0.002909834806977744,0.00292914382379418,0.0029474000164361313,0.002964611520796757,0.0029807873878006912,0.0029959374844474385,0.0030100728490242306,0.0030232054060172504,0.003035347980694278,0.0030465143999121214,0.0030567195360896005,0.0030659793356686595,0.003074310836285825,0.0030817321811455107,0.003088262625586067,0.003093922530723599,0.0030987333423405667,0.0031027175674323616,0.003105898733387233,0.0031083013081706925,0.0031099507477010285,0.003110873344962626,0.0031110961527426833,0.0031106469386399226,0.003109554092601559,0.003107846508931835,0.0031055534773733718,0.0031027045797448107,0.0030993295896509306,0.003095458356254131,0.003091120673704751,0.0030863461580591073,0.0030811641463876016,0.003075603598655122,0.0030696930089649166,0.003063460324765434,0.00305693287326414,0.003050137284899703,0.0030430994246236844,0.0030358444136887658,0.003028396516068336,0.003020779103642811,0.003013014637025452,0.0030051246426571533,0.002997129694773004,0.002989049403519377,0.002980902408967814,0.002972706380562624,0.002964478021497102,0.002956233077435049,0.0029479863499245968,0.0029397517129330854,0.0029315421324553857,0.0029233696889509777,0.0029152456021312007,0.0029071802577109365,0.0028991832357625627,0.002891263340334722,0.0028834286300246266,0.00287568644921894,0.002868043459744455,0.0028605056727679687,0.002853078480549542,0.0028457666825189415,0.0028385744998793644,0.0028315056830022665,0.002824563471515886,0.0028177506232416613,0.0028110694575120615,0.0028045218843193833,0.002798109430591788,0.0027918332655689324,0.002785694225338685,0.0027796928364488267,0.0027738293386024983,0.0027681037064183948,0.0027625156660335123,0.002757064716709886,0.0027517501503265458,0.0027465710690370865,0.002741526401990729,0.002736614921142168,0.0027318352561777207,0.002727185909036086,0.002722665261025099,0.002718271586189122,0.002714003066552914,0.0027098578030963646,0.0027058338260375044,0.0027019291044575035,0.002698141555531171,0.0026944690435244194,0.002690909391288203,0.002687460391791579,0.002684119814917826,0.0026808854137757984,0.002677754931000101,0.0026747260952980872,0.0026717966253330724,0.0026689642426139864,0.002666226675960745,0.0026635816654617572,0.002661026966202394,0.0026585603386373,0.0026561795563909045,0.0026538824161725155,0.0026516667403522955,0.0026495303796334473,0.0026474712100180414,0.002645487123093964,0.0026435760413511685,0.002641735921725954,0.0026399647570106433,0.002638260576435235,0.002636621430122247,0.002635045399867291,0.0026335306067358528,0.002632075211800719,0.00263067741696532,0.0026293354505791057,0.0026280475703794985,0.002626812075319703,0.002625627305966451,0.0026244916450937246,0.002623403504397323,0.0026223613225840243,0.0026213635794715036,0.0026204087963620517,0.0026194955363802465,0.002618622391280595,0.0026177879776661775,0.0026169909520204634,0.002616230011036908,0.0026155038917408265,0.0026148113574058635,0.0026141511943114813,0.0026135222268016322,0.0026129233174306578,0.002612353366865417,0.0026118112981645012,0.002611296056027242,0.0026108066210645776,0.0026103420096724537,0.002609901273616747,0.002609483482272027,0.0026090877258924936,0.0026087131282543233,0.00260835884627913,0.0026080240690796747,0.002607707998203386,0.0026074098559244947,0.002607128895468716,0.0026068644005249977,0.002606615683271277,0.0026063820634402556,0.0026061628817070576,0.0026059575070355484,0.0026057653363123112,0.002605585790314877,0.0026054182938276688,0.0026052622925579914,0.0026051172579207612,0.002604982686870531,0.0026048580949008192,0.002604742999499242,0.0026046369386756077,0.0026045394737097146,0.0026044501891442726,0.0026043686822595628,0.002604294551749321,0.002604227416038726,0.0026041669145601145,0.002604112707755815,0.0026040644629178036,0.0026040218493496876,0.0026039845549586265,0.002603952286587982,0.002603924769766147,0.0026039017312714714,0.002603882901338104,0.002603868027427577,0.0026038568740657055,0.002603849221968836,0.00260384484814644,0.002603843534994041,0.002603845080615141,0.0026038492985487527,0.0026038560155897837,0.002603865051097056,0.002603876231699741,0.002603889398224584,0.002603904405608793,0.0026039211183217902,0.00260393939156485,0.002603959089055772,0.0026039800859578442
0.0,2.4958341774776198e-14,-1.6740600931386414e-9,-3.132483713769542e-7,7.883081732100567e-10,2.2261212287546904e-9,4.782212973828932e-9,8.743901352654488e-9,1.4524382250141392e-8,2.277979143521313e-8,3.4546410179250855e-8,5.141640587667869e-8,7.577829463543145e-8,1.1123059580767036e-7,1.6330430129218677e-7,2.3971626327002714e-7,3.506953745254921e-7,5.104685205110001e-7,7.37368594759153e-7,1.050822655723573e-6,1.4719364152681818e-6,2.0146728422474445e-6,2.664557438154755e-6,3.40674758364668e-6,4.248030972687504e-6,5.188251568699186e-6,6.253069000751917e-6,7.535119601889962e-6,9.070365834517207e-6,1.0924568896570264e-5,1.3205627301026417e-5,1.590332344248377e-5,1.9018638536103058e-5,2.272733892171112e-5,2.698707314384754e-5,3.185628090154774e-5,3.7669539108819464e-5,4.4235723603012584e-5,5.175167987222485e-5,6.022761080675532e-5,6.950226315647105e-5,7.953663984749639e-5,9.05454234143066e-5,0.00010335241933646785,0.00011781806559735317,0.0001334409754806569,0.00015020195978322236,0.00016904233007341857,0.00019044795528935158,0.00021399377631468145,0.00023914290067041842,0.0002657090334816084,0.00029357245513052314,0.00032234642481572805,0.00035121178128258543,0.0003801651458459419,0.000409281231665798,0.00043864800155154517,0.00046828336662990553,0.0004981964036865211,0.0005283848862917107,0.0005588344257093775,0.0005895242384976373,0.0006204301417679787,0.0006515258132116608,0.0006827830474716483,0.0007141716735296854,0.0007456594723105939,0.0007772122478617007,0.0008087939418203647,0.0008403667784512033,0.0008718916975600338,0.0009033286418125421,0.0009346367935240708,0.000965774989459953,0.0009967020669397113,0.001027377126809667,0.0010577599657612502,0.0010878112060269977,0.0011174930383748775,0.0011467688016669859,0.001175603403174625,0.0012039635562375273,0.001231817911224263,0.0012591371590503324,0.001285894111572216,0.0013120637569009287,0.0013376232858773388,0.00136255209325825,0.0013868317595008975,0.0014104460078079154,0.0014333806454904668,0.0014556234914163317,0.001477165185806566,0.0014980016225580053,0.0015181315265070494,0.0015375536593865483,0.0015562663537005816,0.001574267895120396,0.001591556932498662,0.0016081328224336912,0.0016239958475610754,0.0016391474672606216,0.0016535902691217398,0.001667327808765215,0.0016803645103971288,0.0016927054148051493,0.0017043562487578314,0.0017153234147421121,0.0017256139293527113,0.001735235385356877,0.001744196023766421,0.0017525043928459528,0.0017601696788445778,0.001767201793025998,0.0017736113622344772,0.0017794093721407796,0.0017846074303835887,0.0017892179508839413,0.0017932541569993922,0.001796729883692804,0.0017996593312976552,0.0018020574613810613,0.0018039399836544856,0.0018053232741309588,0.0018062241226668085,0.0018066596914422443,0.0018066477269355452,0.0018062065130474648,0.0018053547637055815,0.0018041112669462485,0.0018024950088998738,0.0018005252330092494,0.0017982213492033462,0.0017956028406007473,0.0017926890612201603,0.001789499100041052,0.001786051906413916,0.0017823662089653165,0.0017784604451727692,0.0017743526979762795,0.001770060636966457,0.0017656013925469287,0.0017609915624297778,0.0017562472959571618,0.0017513841698677624,0.0017464171803291278,0.0017413607284717909,0.001736228602352194,0.0017310339637922165,0.0017257893403637113,0.0017205066219739575,0.0017151970614782853,0.001709871278563119,0.0017045392633737197,0.0016992103944021494,0.0016938934497908163,0.0016885966190393203,0.001683327517981098,0.001678093205392914,0.0016729002009433396,0.0016677545042200785,0.0016626616146005874,0.0016576265517591875,0.0016526538766296042,0.0016477477126618386,0.0016429117685728292,0.001638149358651274,0.0016334634093327818,0.0016288564759843727,0.001624330836042105,0.0016198884191030852,0.001615530848031217,0.001611259469529281,0.001607075372485987,0.00160297940556738,0.0015989721948331558,0.001595054161153392,0.0015912255372864728,0.0015874863855031617,0.0015838366157693755,0.0015802759384990462,0.0015768039115847926,0.001573419968711175,0.001570123433441801,0.0015669135329014002,0.001563789411044173,0.0015607501414966504,0.0015577947468488095,0.0015549221171963677,0.00155213103674752,0.0015494202496108935,0.0015467884707407104,0.0015442343964130474,0.001541756714296934,0.0015393541168939632,0.0015370251702954956,0.0015347683794951664,0.0015325822610438747,0.001530465351538459,0.0015284162157117311,0.0015264334607966103,0.0015245156129126752,0.0015226611086453397,0.0015208684244031395,0.0015191360856454054,0.0015174626732668475,0.001515846831023784,0.001514287082142371,0.0015127819053673257,0.001511329844578732,0.001509929514121883,0.0015085796086390722,0.0015072788331230735,0.0015060257395263447,0.0015048189287964135,0.0015036570837773497,0.00150253897329615,0.00150146344637461,0.0015004291962546564,0.0014994349060168915,0.0014984793491889694,0.0014975613928371343,0.0014966800033059254,0.001495834035258191,0.0014950222709369297,0.0014942435874990708,0.0014934969611447642,0.0014927814749980015,0.0014920961295140061,0.0014914398166803262,0.0014908115235587277,0.0014902103399921562,0.001489635466412081,0.0014890860292663625,0.001488561031455139,0.0014880595714135687,0.0014875808526936963,0.0014871241909726182,0.0014866888191077243,0.001486273847068217,0.001485878482705809,0.001485502040229566,0.0014851439454397412,0.0014848035188358385,0.0014844799720041644,0.0014841726178758568,0.0014838808761397336,0.0014836042746702723,0.0014833422042653858,0.0014830939726736012,0.0014828589919848383,0.0014826367808200114,0.0014824269583431295,0.001482228970765734,0.0014820422168572386,0.0014818662009715784,0.001481700533644116,0.0014815449110285649,0.0014813988244273637,0.0014812617581476163,0.0014811333014040887,0.0014810131504227272,0.0014809010583029332,0.0014807965590287809,0.0014806992152887881,0.0014806086935990534,0.0014805247688430402,0.0014804472313999864,0.00148037565809932,0.0014803096826927437,0.0014802490415409123,0.0014801935799685435,0.0014801431085901746,0.0014800972479973146,0.0014800556959012497,0.0014800182513416995,0.001479984820653112,0.0014799552212931748,0.0014799291183719267,0.0014799062668206491,0.001479886521611429,0.0014798698395441573,0.00147985603562757,0.0014798448195342299,0.0014798359971358432,0.0014798294730938618,0.0014798252431970512,0.0014798231148408939,0.0014798228413172303,0.001479824273678979,0.00147982736122146,0.001479832124608682,0.0014798383642654744,0.0014798458744518595,0.001479854546191381,0.001479864369876645,0.0014798753735639713,0.0014798873577150243,0.0014799001529258674,0.0014799136652460599
0.0,2.1594373077840786e-15,5.832723122980666e-10,1.9781519499819232e-7,1.3107711054911452e-10,4.477483715760865e-10,1.0149514453731228e-9,1.9396249366801326e-9,3.3514706503040327e-9,5.455217863181239e-9,8.5778985503673e-9,1.3233961903246109e-8,2.0218989514812534e-8,3.076480906952187e-8,4.680662239230832e-8,7.117480971744284e-8,1.0777774688685224e-7,1.6203771067458682e-7,2.41290290432654e-7,3.5363256256611267e-7,5.078907181699299e-7,7.091141163084467e-7,9.516426373933013e-7,1.226669584844419e-6,1.535367820814287e-6,1.876708754941824e-6,2.259553545441231e-6,2.7143976290005527e-6,3.261698127279483e-6,3.92009676267665e-6,4.73223634298733e-6,5.6992446694885726e-6,6.819405191492862e-6,8.14386406034203e-6,9.67143575427119e-6,1.1412418434178913e-5,1.3481121444961635e-5,1.5830411749861707e-5,1.8503078739335905e-5,2.157843268899007e-5,2.5081674484853985e-5,2.8892604191508873e-5,3.306018292191923e-5,3.7877186324781847e-5,4.337280983052075e-5,4.935407822525238e-5,5.57788009517946e-5,6.30226061758375e-5,7.193886725388313e-5,8.238051736876368e-5,9.379758248361287e-5,0.00010609016894616033,0.00011921086563033894,0.00013301150076652264,0.00014716516317272275,0.00016165635319882114,0.00017649216932048072,0.0001916952337967944,0.00020725779272077596,0.00022317609855255452,0.0002394439347164002,0.00025604789409207444,0.0002729700464738942,0.00029018988279177105,0.00030768528249468295,0.00032543283575127934,0.00034340788483863596,0.0003615845172827166,0.0003799356402033578,0.0003984330390327426,0.0004170474098811648,0.00043574872525904863,0.0004545062642666631,0.0004732887789247207,0.0004920647695987597,0.0005108026890033275,0.0005294711151552444,0.0005480390584547981,0.0005664761055715352,0.000584752942563908,0.0006028409056654256,0.0006207124393014205,0.0006383412580346473,0.0006557024465632754,0.0006727725467075956,0.0006895296287397136,0.0007059533443429501,0.0007220249583313569,0.0007377273613939249,0.0007530450667687463,0.0007679641889353136,0.0007824724098141826,0.0007965589314651721,0.0008102149574542204,0.0008234351192100102,0.000836216122072765,0.0008485550887792061,0.0008604491674604834,0.0008718956800184861,0.0008828923350369797,0.0008934374377844459,0.000903530023098997,0.0009131700058242215,0.000922358153405361,0.0009310959873601892,0.0009393857082834353,0.000947230006358473,0.0009546321108260885,0.0009615957805156588,0.0009681252245632006,0.0009742251374602268,0.0009799007500302533,0.0009851574353907544,0.0009900010455718442,0.0009944379602289607,0.0009984750662477028,0.0010021194845599168,0.001005378758117863,0.0010082609836730586,0.001010774810396086,0.0010129292897152744,0.0010147336893641585,0.0010161977867639447,0.0010173318527036893,0.0010181466029594028,0.0010186530320066788,0.0010188623242053255,0.0010187860534817124,0.0010184361495013266,0.0010178248198552781,0.001016964289120971,0.0010158668978609779,0.0010145451528817356,0.001013011664541387,0.0010112790840279872,0.0010093599600688287,0.001007266644741228,0.001005011394097446,0.0010026063134507132,0.001000063310163604,0.0009973940513487546,0.0009946099246812687,0.000991721941402769,0.0009887407653612773,0.0009856767719093002,0.0009825399383881482,0.0009793398600326227,0.0009760857397674396,0.0009727863758539397,0.0009694501536400277,0.0009660850409967635,0.0009626985869030302,0.0009592979226889527,0.0009558897654227937,0.0009524804208059817,0.0009490757964483062,0.0009456814099621192,0.0009423023971250267,0.0009389435222765924,0.0009356091897471789,0.0009323034561209911,0.0009290300431600324,0.0009257923512331283,0.0009225934731147998,0.0009194362080368638,0.0009163230758883087,0.0009132563324799821,0.000910237982949028,0.0009072697785945863,0.0009043532430600007,0.0009014897403560388,0.0008986803924715103,0.0008959261313798548,0.0008932277176809451,0.000890585751163292,0.000888000681913454,0.0008854728217411506,0.0008830023555575905,0.0008805893525636163,0.0008782337779063524,0.0008759355048163535,0.0008736942776349071,0.0008715097456734716,0.000869381483112903,0.0008673089982872695,0.0008652917427281601,0.0008633291199631309,0.0008614204940591655,0.0008595652030916302,0.0008577624967076334,0.0008560115550985556,0.0008543115376399145,0.0008526615902851029,0.000851060852672322,0.0008495084649703659,0.0008480035773348128,0.0008465452499605797,0.0008451325016760674,0.0008437643642649034,0.0008424398883550354,0.0008411581490522804,0.0008399182563746311,0.00083871926107408,0.0008375601476659197,0.0008364399320735597,0.0008353576683065997,0.0008343124530170397,0.0008333034308776067,0.0008323296548962628,0.0008313901437809401,0.0008304839650072693,0.0008296102387063883,0.00082876814500289,0.000827956870609296,0.000827175484121527,0.0008264230896280183,0.0008256988516833311,0.0008250019983617537,0.000824331816789466,0.000823687473009322,0.0008230681228404837,0.0008224729885808776,0.0008219013613649706,0.0008213526055511163,0.0008208259975290128,0.0008203207555474148,0.0008198361675153345,0.0008193715941937514,0.0008189264752607063,0.0008185001843216929,0.0008180920090682988,0.0008177013069382248,0.000817327511069298,0.0008169701363352522,0.0008166286380876897,0.0008163023741442325,0.0008159907725126915,0.0008156933387978998,0.000815409661640718,0.0008151392634176153,0.0008148815695038373,0.0008146360774371448,0.0008144023634869169,0.0008141800867402274,0.0008139688228904181,0.0008137680614492587,0.0008135773669691771,0.0008133963832688836,0.0008132248346019385,0.0008130623376069812,0.000812908442741147,0.0008127627780506099,0.0008126250509227499,0.0008124950435621619,0.0008123724032075385,0.0008122567384366249,0.000812147736628868,0.0008120451644909675,0.0008119488523413787,0.0008118584712388011,0.0008117736848441323,0.0008116942353558658,0.0008116199451859951,0.00081155067853486,0.0008114861295859461,0.0008114260127572492,0.0008113701204191371,0.000811318326434324,0.0008112705149152252,0.0008112264044233566,0.000811185755641857,0.0008111484064984475,0.0008111142770932035,0.000811083259439381,0.0008110550982529963,0.0008110295960900609,0.0008110066319771525,0.0008109861660351135,0.0008109680889009202,0.0008109521730251041,0.0008109382586444763,0.0008109262616671693,0.0008109161750822395,0.0008109078819413896,0.0008109011833785674,0.0008108959533857872,0.0008108921408353164,0.0008108897636291872,0.0008108886941091681,0.0008108887621946746,0.0008108898720175306,0.0008108920023197117,0.0008108951858482446,0.0008108992854823331,0.0008109041586283703,0.0008109097362752967,0.0008109160250190775,0.0008109230597107849,0.0008109306998159201,0.0008109388273216925,0.0008109473815550088
0.0,1.0574470963551559e-16,-1.1653997467151604e-10,-1.4927458506240295e-7,5.559234336896171e-11,5.846388425175898e-11,1.438051886413496e-10,2.959505822829405e-10,5.471169565653259e-10,9.49383460954024e-10,1.5877456190393165e-9,2.6008502606543376e-9,4.212854112541017e-9,6.790743335549451e-9,1.0939148895150537e-8,1.7595443410041048e-8,2.813346245145708e-8,4.4517976973044445e-8,6.953002614825193e-8,1.0645967478959293e-7,1.5901194688551885e-7,2.2989924018471751e-7,3.175199847569024e-7,4.177178507434938e-7,5.297488931492402e-7,6.52565035450456e-7,7.887598079619276e-7,9.478971533227447e-7,1.1393238891485734e-6,1.3685927497729097e-6,1.6512519957728477e-6,1.9896721587778526e-6,2.3826411345624826e-6,2.8435826820456617e-6,3.3924330832752287e-6,4.028767755927007e-6,4.80239396633742e-6,5.742189042986389e-6,6.82824310339789e-6,8.096293113944935e-6,9.563929880183302e-6,1.1189028218683979e-5,1.298161538767425e-5,1.5051679593112893e-5,1.7445458356837087e-5,2.009535653733437e-5,2.297690372101107e-5,2.620973236658013e-5,3.015508854059424e-5,3.4856471347390846e-5,4.0087440810531466e-5,4.579165260661142e-5,5.195143485795955e-5,5.8507137387605254e-5,6.530658857279403e-5,7.233694413665843e-5,7.959988729952298e-5,8.710326911615708e-5,9.483866295413792e-5,0.00010280479227765712,0.00011100243643433997,0.00011942896291233279,0.0001280789532977934,0.00013694508205541918,0.0001460186224370085,0.00015528962838101844,0.00016474697740166832,0.00017437837721477484,0.00018417038055855076,0.00019410842137528633,0.00020417679832414754,0.00021435903514361486,0.00022463772819736203,0.0002349947183682453,0.00024541127041650165,0.00025586818271488985,0.0002663459285528459,0.0002768248212724823,0.0002872852701719471,0.00029770799327452917,0.00030807368211937977,0.00031836345159345545,0.0003285589493092596,0.0003386424459619159,0.0003485969242458898,0.0003584061596360229,0.0003680547896515497,0.0003775283695138993,0.0003868134143201772,0.0003958974286294833,0.0004047689235617022,0.00041341742270331784,0.00042183345450394824,0.0004300087754054315,0.00043793715261940605,0.0004456138976000348,0.00045303492452169173,0.0004601963882687101,0.0004670946976566062,0.0004737266311767709,0.0004800894513842294,0.0004861809850678682,0.0004919997094319401,0.0004975447492463781,0.0005028158183561094,0.0005078131709558071,0.0005125375295560577,0.000516990069288642,0.000521172389177695,0.000525086403823864,0.0005287344783589457,0.0005321194673437578,0.0005352443425795802,0.0005381124367634057,0.0005407274514537858,0.0005430934414712895,0.000545214743281858,0.0005470960163168127,0.0005487422705174053,0.0005501588610028118,0.0005513514458532364,0.0005523259340524496,0.0005530885473652148,0.000553645790270746,0.0005540044501554349,0.0005541715941890908,0.0005541544153530972,0.0005539603303433193,0.000553596958687527,0.0005530720828937461,0.0005523935649115478,0.0005515693491599043,0.0005506074544505358,0.0005495159399124347,0.0005483028699241033,0.0005469762585121991,0.0005455440260131155,0.0005440140043517621,0.0005423939067026793,0.0005406913007519711,0.0005389135847791173,0.0005370679659951408,0.0005351614093366992,0.0005332006760764287,0.0005311923212807696,0.0005291426167498229,0.0005270575813808748,0.0005249429738208644,0.0005228042851983381,0.0005206467349561863,0.0005184752689938006,0.0005162945597103816,0.0005141090075975196,0.000511922744219973,0.0005097396358165923,0.0005075632900899621,0.0005053970622920589,0.000503244061804325,0.0005011071596640165,0.0004989889966674957,0.0004968919919319777,0.0004948183518084818,0.0004927700790484734,0.0004907489821372182,0.0004887566847167941,0.000486794635027352,0.00048486411556189984,0.0004829662521950394,0.0004811020046845413,0.00047927221002568655,0.0004774776115890107,0.00047571878555794804,0.00047399619710954594,0.0004723102088506749,0.0004706610862013523,0.0004690490039520886,0.00046747405311180153,0.0004659362476631042,0.0004644355311038711,0.00046297178291419664,0.00046154482494669384,0.0004601544154664858,0.0004588002605380384,0.0004574820217721083,0.0004561993212665814,0.00045495174631633,0.0004537388538973507,0.0004525601749299999,0.0004514152196095506,0.00045030346382826387,0.0004492243556045026,0.0004481773287116981,0.00044716180597948867,0.00044617720242420193,0.00044522292818144777,0.000444298391994457,0.00044340297761499115,0.00044253605679379915,0.00044169700358147204,0.0004408851965914011,0.0004401000211255628,0.00043934087241342045,0.0004386071330228929,0.00043789817172586404,0.0004372133680599483,0.0004365521144145577,0.0004359138175460916,0.0004352979002507973,0.0004347037673394875,0.00043413082005904657,0.0004335784767671238,0.00043304617409318597,0.0004325333689165264,0.0004320395254072376,0.0004315640845718663,0.00043110650209629195,0.0004306662545579964,0.0004302428402357868,0.00042983577805855123,0.00042944456349683737,0.0004290686957924637,0.00042870769676589456,0.0004283611113802498,0.00042802850879143753,0.00042770944286398693,0.00042740345947131156,0.00042711012774321024,0.00042682904078755144,0.00042655981710817834,0.00042630206508493813,0.00042605537808159956,0.00042581937244436,0.00042559368887180193,0.0004253779938007016,0.0004251719448074421,0.00042497518125767306,0.0004247873652011654,0.0004246081830818209,0.0004244373469649527,0.0004242745579903156,0.0004241194987920495,0.0004239718747053147,0.00042383141526525106,0.00042369787509938077,0.0004235709932733637,0.00042345049252890445,0.00042333611852412667,0.0004232276407600229,0.00042312485276185715,0.000423027526120158,0.00042293542051186203,0.0004228483186660635,0.00042276602669046503,0.00042268837286896173,0.00042261515642602116,0.0004225461709220245,0.0004224812327955949,0.0004224201813966586,0.00042236287506263874,0.0004223091367137206,0.0004222587907844211,0.0004222116840792843,0.00042216768609314946,0.00042212667956145316,0.00042208850877042254,0.0004220530258388971,0.0004220201047005083,0.0004219896418855252,0.00042196153908460334,0.0004219356602457191,0.00042191188209807483,0.0004218901026346154,0.00042187024223946197,0.000421852216756365,0.0004218359083826361,0.0004218212155757267,0.00042180805752469814,0.0004217963752109524,0.00042178609466464445,0.00042177711504203723,0.00042176935386653276,0.0004217627488896848,0.00042175725837613514,0.0004217528154924558,0.00042174933507914056,0.0004217467512972725,0.00042174501806839304,0.0004217441075977291,0.00042174395805471144,0.00042174449864776196,0.00042174567798635695,0.0004217474641317745,0.00042174983953262014,0.0004217527464505953,0.0004217561269616124,0.00042175994217044194,0.0004217641726637247,0.00042176880693614956,0.0004217737917495459,0.0004217790803026346,0.0004217846406761133
0.0,3.2453065911398335e-18,2.1983320744581163e-11,1.8382958920444627e-7,-8.787839229680569e-11,5.3294436595559875e-12,1.5409330356524763e-11,3.4477824280807117e-11,6.955440009027257e-11,1.310009346702641e-10,2.368925822108678e-10,4.183175085863111e-10,7.285257229317859e-10,1.2607819479812838e-9,2.1792618717659157e-9,3.757362483333476e-9,6.427092287660542e-9,1.0844472792465001e-8,1.799188472622708e-8,2.9141337853847633e-8,4.582554891211398e-8,6.959402015880682e-8,1.0044547705894566e-7,1.3689935540097926e-7,1.7824516414743265e-7,2.2376687290923416e-7,2.7399902246414154e-7,3.318108846011061e-7,4.010458361760241e-7,4.835682422509193e-7,5.849623870473726e-7,7.067105993104671e-7,8.48147419317306e-7,1.016932727089937e-6,1.2360729983687134e-6,1.4980469412584005e-6,1.817873622934968e-6,2.2144779966260407e-6,2.681720075684131e-6,3.236001193026861e-6,3.887154722226594e-6,4.620733264114421e-6,5.4384280102953266e-6,6.383511618881375e-6,7.487683181619232e-6,8.728625724431741e-6,1.0093702270462236e-5,1.1622518954168709e-5,1.3472873665904125e-5,1.5705136335950887e-5,1.8229800736166478e-5,2.101502031365766e-5,2.405409821494274e-5,2.7321675969451114e-5,3.073733265417262e-5,3.4289022602051446e-5,3.7977548126419706e-5,4.1803404677114524e-5,4.5759047695832676e-5,4.9843410126980876e-5,5.405843749955078e-5,5.840478714305321e-5,6.288165200966293e-5,6.748709957705317e-5,7.221829674450723e-5,7.70715798734271e-5,8.204245664450403e-5,8.712559230124568e-5,9.231480220536028e-5,9.760305927922861e-5,0.00010298244772554812,0.00010844451743660057,0.00011397999183644456,0.00011957896699643151,0.00012523101397186697,0.000130925215660925,0.00013665030791926776,0.00014239467431678005,0.00014814679598758538,0.0001538950623382833,0.0001596276374073775,0.00016533283468160822,0.00017099916943836326,0.0001766154221698844,0.0001821707063580263,0.00018765453268669477,0.0001930568665641053,0.00019836817769178764,0.00020357948094462536,0.00020868236826085865,0.00021366903363374343,0.0002185322884501184,0.0002232655663470353,0.00022786297369483037,0.00023231967308745771,0.00023663192529549106,0.0002407965756963726,0.0002448107411742032,0.00024867175365466245,0.0002523771982666037,0.0002559249904669028,0.0002593134208610576,0.0002625412030317866,0.0002656074906434748,0.0002685118525094706,0.0002712542332056604,0.0002738348638381944,0.0002762542864260266,0.00027851334825953057,0.00028061307750275045,0.00028255495379263755,0.00028434070064064793,0.0002859720456223208,0.00028745099992083485,0.0002887798465906772,0.00028996111754854586,0.0002909974650925111,0.0002918917414759241,0.00029264705273987013,0.0002932667535993188,0.0002937543777956003,0.0002941135544257049,0.00029434813442582425,0.000294462159007679,0.0002944598982642455,0.0002943457475785403,0.0002941241287830086,0.0002937996368878431,0.000293377013960228,0.0002928611117242799,0.000292256779181318,0.0002915689054667339,0.00029080244034305726,0.00028996236614176697,0.000289053671898765,0.00028808129357181533,0.0002870500746521845,0.00028596480922734446,0.0002848302186278409,0.00028365093144097923,0.00028243146584461547,0.00028117621348225234,0.00027988937873270857,0.0002785750575053953,0.0002772371996714045,0.0002758795661454448,0.00027450575909636533,0.00027311921369555485,0.0002717231928022895,0.0002703207844256073,0.00026891490094660436,0.00026750827973145096,0.0002661034848016624,0.00026470290942422024,0.0002633087784339147,0.00026192315488898944,0.00026054794446912256,0.00025918489983276253,0.0002578356258447895,0.0002565015851623986,0.000255184104093297,0.00025388437865193886,0.00025260348074799345,0.000251342364450874,0.00025010187228262837,0.0002488827414933346,0.0002476856107240858,0.0002465110258132698,0.00024535942046415455,0.0002442311845109605,0.00024312664312461138,0.0002420460108269462,0.00024098944320659717,0.000239957038126454,0.00023894883840236408,0.00023796483595603499,0.00023700497629639125,0.0002360691629958436,0.00023515726206931094,0.000234269106523609,0.00023340450108048672,0.0002325632065808343,0.00023174495375417764,0.00023094945114219615,0.00023017638860432655,0.0002294254407109696,0.00022869627002304165,0.0002279885302555211,0.00022730187144730276,0.00022663591408249631,0.0002259902566699736,0.0002253644953680622,0.0002247582266716565,0.00022417104999160404,0.00022360257009254003,0.00022305240061083891,0.00022252012327044672,0.0002220053074870357,0.00022150753213743185,0.0002210263876412746,0.00022056147793812232,0.00022011242439538874,0.00021967882768723557,0.00021926026495378963,0.00021885632890054956,0.00021846663021562454,0.0002180907991351357,0.00021772848734102906,0.00021737931200783078,0.00021704287873248936,0.0002167188145386378,0.00021640676919720714,0.00021610641792238768,0.00021581743996684124,0.0002155394690954113,0.00021527215455297846,0.00021501517079044127,0.00021476821848342086,0.00021453102258866318,0.0002143032611036327,0.00021408460892129952,0.0002138747680036549,0.00021367346814974808,0.0002134804685710824,0.00021329549437986814,0.00021311824839411196,0.00021294846134710564,0.0002127858930075961,0.00021263033443364175,0.00021248155103445723,0.00021233927485419886,0.0002122032655706816,0.0002120733127202447,0.00021194923795751918,0.00021183083974699013,0.00021171787855626725,0.00021161014242213608,0.00021150744975976198,0.00021140965140554414,0.00021131657230883145,0.00021122799959157653,0.00021114374853804647,0.0002110636650900623,0.0002109876273774144,0.0002109154809399046,0.0002108470376894536,0.000210782138692878,0.00021072065576615618,0.00021066249188315654,0.0002106075080045579,0.00021055553923691323,0.00021050645074191106,0.00021046013837994155,0.00021041652691886789,0.00021037548850470436,0.00021033688011907835,0.00021030058920852964,0.00021026653386194976,0.00021023465668509,0.0002102048382606111,0.00021017695614088564,0.00021015091820261283,0.00021012666327955933,0.00021010414623496852,0.00021008325577023815,0.0002100638882751091,0.00021004597021658428,0.00021002945950150995,0.00021001431782959908,0.00021000044250398694,0.00020998774700491392,0.00020997617460863507,0.00020996570029306141,0.0002099562879699283,0.00020994784426057395,0.00020994029806210892,0.00020993360777018513,0.0002099277630701076,0.0002099227265431477,0.00020991841478956735,0.00020991477054952667,0.00020991176576086725,0.00020990940210622555,0.00020990763849491477,0.0002099064019350435,0.0002099056475523076,0.0002099053593764241,0.000209905548074467,0.00020990616774285026,0.00020990715590526063,0.00020990847874197374,0.00020991013124789865,0.00020991212924492298,0.00020991442257141385,0.00020991695883405305,0.0002099197140672908,0.00020992269352309445,0.00020992591331034336,0.00020992932142430522,0.00020993287449806055,0.0002099365513086391
0.0,1.713845583316274e-19,-7.804871653099334e-12,-2.47452320375867e-7,1.9009690881924296e-10,1.2473309544081265e-12,1.9287503787182193e-12,5.536990649026249e-12,1.1884432614862461e-11,2.3775888977802873e-11,4.5562631507418834e-11,8.512140527105473e-11,1.566230751068882e-10,2.8610717582079895e-10,5.217977118269656e-10,9.485591043749074e-10,1.708105325360591e-9,3.0258536581540352e-9,5.252502367254998e-9,8.868036445198135e-9,1.4472017042750717e-8,2.2699609068210358e-8,3.3636684371781306e-8,4.670494076932856e-8,6.147739960329734e-8,7.760697289609507e-8,9.520090803756738e-8,1.1514046698486227e-7,1.3891544973900325e-7,1.6721139771460478e-7,2.0197045980665602e-7,2.4444366970169385e-7,2.9714757320975783e-7,3.6269285578429153e-7,4.4864750635365414e-7,5.544101359629748e-7,6.848693231257738e-7,8.498200883693624e-7,1.0486106675560234e-6,1.2887285460811276e-6,1.5755173027700204e-6,1.9047446754994959e-6,2.276854139957156e-6,2.7091264258888074e-6,3.2194156338617615e-6,3.802027964930125e-6,4.451340017538148e-6,5.1803819030009695e-6,6.057808879943606e-6,7.1267487868928376e-6,8.355704904758898e-6,9.728266960864758e-6,1.1242182740172937e-5,1.2884182740877522e-5,1.4608931395065753e-5,1.640913142258426e-5,1.82856564439848e-5,2.0236834452671655e-5,2.2257271939791107e-5,2.4345774213457783e-5,2.6503704395038642e-5,2.873217319696374e-5,3.1031617609571065e-5,3.340187754161593e-5,3.584227914346441e-5,3.835165029622994e-5,4.092831386132444e-5,4.357007297416329e-5,4.62741799119668e-5,4.903732418342593e-5,5.185558972119182e-5,5.4724779148113554e-5,5.7640045576346825e-5,6.059612059208523e-5,6.358735816310253e-5,6.660771850620006e-5,6.965094349357907e-5,7.27103608884763e-5,7.577958925970332e-5,7.885189675157983e-5,8.192035314904507e-5,8.497808528909547e-5,8.801828889618366e-5,9.103426842484267e-5,9.401948298846817e-5,9.696759103339116e-5,9.987249128890116e-5,0.00010272835932683697,0.00010552967882440302,0.00010827126647383206,0.00011094829459478071,0.00011355630438034879,0.00011609121332714512,0.00011854929701557843,0.00012092734551872798,0.0001232228766356572,0.0001254338748674402,0.00012755854808363954,0.0001295952650700272,0.0001315425926325387,0.00013339930964224408,0.00013516442880269047,0.00013683721268825327,0.0001384171831623138,0.00013990410004901795,0.0001412979454241925,0.00014259898039399048,0.00014380766529118114,0.00014492461762039197,0.00014595045117767597,0.00014688617958998832,0.00014773295309710035,0.0001484919738448207,0.0001491645688087953,0.00014975215598812556,0.00015025624503470277,0.00015067857970801579,0.0001510210346231926,0.00015128554351602347,0.0001514740973976397,0.00015158881833637108,0.00015163204746185442,0.00015160617861685052,0.0001515136109722319,0.00015135685705666848,0.00015113860721699605,0.00015086160020240686,0.00015052860196595848,0.00015014239770500248,0.0001497057963853188,0.00014922172761195203,0.00014869315415495804,0.00014812301145859902,0.00014751420667255804,0.000146869615100279,0.0001461921144355038,0.0001454845946396039,0.0001447498737176957,0.00014399069476231575,0.00014320972224965854,0.00014240953862906694,0.0001415926418904651,0.00014076143435095718,0.00013991830396835754,0.00013906550075023724,0.0001382051479400532,0.00013733926846065949,0.00013646977981631898,0.00013559849270389533,0.00013472711109948236,0.0001338572329724132,0.00013299035146726598,0.0001321278563962696,0.00013127103626180101,0.00013042108181588147,0.00012957908584792306,0.00012874604646014254,0.0001279228711624353,0.00012711038062291927,0.00012630931251474053,0.0001255203254301669,0.00012474400283020573,0.0001239808569989897,0.0001232313329719973,0.00012249581240815607,0.00012177461737138752,0.00012106801356229816,0.00012037621427770332,0.00011969935742474828,0.00011903759791268599,0.00011839103162470145,0.00011775968977716369,0.00011714357782338055,0.00011654267181209644,0.00011595691893806944,0.00011538623931339874,0.00011483052784996308,0.00011428965600011019,0.0001137634732967785,0.00011325180836190403,0.00011275446937324708,0.0001122712662404272,0.00011180200054310866,0.00011134646151267667,0.0001109044265024188,0.00011047566128059093,0.00011005992016106147,0.00010965694598760293,0.00010926646768329507,0.00010888823122643979,0.00010852199411940068,0.00010816750658206637,0.00010782451090197211,0.00010749274075217041,0.00010717192039860685,0.00010686176262679951,0.00010656201459062927,0.00010627243799804086,0.00010599278678943434,0.00010572280604887741,0.00010546223090792074,0.00010521078323732484,0.00010496821393072826,0.00010473430679936505,0.00010450883676013629,0.00010429156778978029,0.00010408225172829063,0.00010388062664943449,0.00010368647818901048,0.00010349961497672176,0.00010331983298384205,0.00010314691430159714,0.00010298062437277604,0.00010282073547752248,0.00010266708092886978,0.00010251948868833758,0.0001023777707891901,0.00010224172222589035,0.00010211112305537198,0.0001019858162474621,0.00010186565978388569,0.00010175049361297992,0.00010164013870701366,0.00010153439522096191,0.000101433111905875,0.00010133617313775234,0.00010124344383387776,0.00010115476806337226,0.00010106996640695108,0.00010098889820756916,0.00010091146992948345,0.00010083756814170992,0.00010076705688555072,0.00010069977499869125,0.00010063559662718455,0.00010057444734816927,0.00010051623204455258,0.0001004608316167642,0.00010040810053377045,0.00010035793069499091,0.0001003102644076263,0.00010026502171568127,0.00010022209745377203,0.00010018135936171589,0.00010014271911751001,0.00010010613333494422,0.00010007153435661463,0.0001000388283036044,0.00010000789443165958,9.997866545791352e-5,9.99511096399411e-5,9.992516908780696e-5,9.990075887044618e-5,9.987776880576609e-5,9.98561530468434e-5,9.983588870890049e-5,9.981692547192144e-5,9.979918521398232e-5,9.978256858992674e-5,9.97670501904374e-5,9.975261343886961e-5,9.973921370129864e-5,9.97267774333479e-5,9.97152184734958e-5,9.970452845895884e-5,9.969469533839007e-5,9.968567856333224e-5,9.967740744587005e-5,9.966981148799857e-5,9.966289540529237e-5,9.965665021695752e-5,9.965103810921535e-5,9.964599020894087e-5,9.964145359997012e-5,9.96374421639359e-5,9.963394877262562e-5,9.963093721224235e-5,9.962834009708579e-5,9.962612313177025e-5,9.962430582419387e-5,9.96228818829657e-5,9.962181574530041e-5,9.962104187511027e-5,9.9620544616181e-5,9.962034612027698e-5,9.962044008954391e-5,9.962079082076823e-5,9.962133561780219e-5,9.962207644768278e-5,9.962303576550173e-5,9.962420656908994e-5,9.962555214765875e-5,9.962701481310449e-5,9.962861154235227e-5,9.963036361929356e-5,9.963226276219885e-5,9.963427018639538e-5,9.963633678272506e-5,9.96384901269868e-5,9.96407497961235e-5,9.964311241743439e-5
0.0,7.185609303963579e-21,4.6078430369190914e-12,3.116798550729465e-7,-3.6728436548518057e-10,-8.286996729823038e-13,9.795838601674583e-13,7.803491410558965e-13,1.846974484357444e-12,3.950845577532448e-12,8.074618338073495e-12,1.605647990790334e-11,3.139372543519869e-11,6.085979923096539e-11,1.1770809987778997e-10,2.266892705664087e-10,4.31666477260401e-10,8.062485734796411e-10,1.469965539249624e-9,2.5960969252344127e-9,4.410846338125531e-9,7.165706340634256e-9,1.0930388362517401e-8,1.550408100865194e-8,2.0683244741703592e-8,2.631679376298062e-8,3.241321515813806e-8,3.934079143660577e-8,4.781131343892165e-8,5.831806454686351e-8,7.140281241438792e-8,8.756029404894074e-8,1.0775668230131121e-7,1.3306838965593463e-7,1.6635751813632975e-7,2.0811219889767856e-7,2.598632754329272e-7,3.259375594800018e-7,4.067186814903769e-7,5.052272745556206e-7,6.239191604497105e-7,7.615395693824253e-7,9.179139706072788e-7,1.0994233599163085e-6,1.31444297287295e-6,1.562087130678408e-6,1.8398242613903604e-6,2.1547610468215043e-6,2.5352810114569103e-6,3.0019033438721025e-6,3.5456810227398843e-6,4.159135332630838e-6,4.8413049396901395e-6,5.5868458211802026e-6,6.37390332778019e-6,7.198183547880323e-6,8.060374907662524e-6,8.959562961122914e-6,9.892279562279613e-6,1.0857559355631996e-5,1.185632921897462e-5,1.2889632156876863e-5,1.3958253830507503e-5,1.5062710562909357e-5,1.6203266167036396e-5,1.7379925646182e-5,1.8592415044475457e-5,1.9840161195590696e-5,2.112227871635615e-5,2.2437539142684184e-5,2.378436377371078e-5,2.5161055908943025e-5,2.6565443476701312e-5,2.7995103308987615e-5,2.944736022109925e-5,3.091922989435142e-5,3.240763954295045e-5,3.3909040651627264e-5,3.5420377769480936e-5,3.6938019297097385e-5,3.8458223672188074e-5,3.997724663722308e-5,4.149133201918328e-5,4.299673549667417e-5,4.448975420112921e-5,4.5966756484092924e-5,4.7424210103872775e-5,4.8858708430034184e-5,5.026699373533773e-5,5.164597636802943e-5,5.299275503491009e-5,5.43046273605384e-5,5.5579099609444415e-5,5.681384580353764e-5,5.800676310938619e-5,5.9156216090384235e-5,6.026091034146591e-5,6.131972320847755e-5,6.233164175777773e-5,6.329575593798649e-5,6.421128762874082e-5,6.507760254419123e-5,6.589422173145195e-5,6.666083939427143e-5,6.737732113174231e-5,6.804368455509303e-5,6.86600451879627e-5,6.922664133167448e-5,6.974383754752084e-5,7.021196008765929e-5,7.06318323138178e-5,7.100411133928275e-5,7.132944714249741e-5,7.160862950256104e-5,7.18425583382203e-5,7.203222670834908e-5,7.217863202301267e-5,7.228283044537955e-5,7.234597394130034e-5,7.236930720744684e-5,7.235412063837453e-5,7.230169420210919e-5,7.221338678308524e-5,7.209059234882759e-5,7.193487345955886e-5,7.174773882902516e-5,7.153067032692483e-5,7.128522397660001e-5,7.101300684546863e-5,7.071565739362386e-5,7.039477540101555e-5,7.005195890376692e-5,6.968882523674813e-5,6.930699831444003e-5,6.890809836438723e-5,6.849370889494197e-5,6.806535739866959e-5,6.762455185047789e-5,6.717277101722795e-5,6.6711456524866e-5,6.624200602406872e-5,6.576576692206816e-5,6.5283981454684e-5,6.47979183503785e-5,6.430873754070506e-5,6.381753721189112e-5,6.33253634711165e-5,6.283320358173407e-5,6.23419840374347e-5,6.185257016156994e-5,6.136576645308104e-5,6.0882317475207945e-5,6.04029090888888e-5,5.9928170019470514e-5,5.945867293673302e-5,5.899493819221904e-5,5.8537435802938955e-5,5.808658720691589e-5,5.764276742859111e-5,5.720630733500079e-5,5.6777495949330346e-5,5.635658279490975e-5,5.594378024691856e-5,5.553926587394431e-5,5.514318475557399e-5,5.4755651756339626e-5,5.437675407143255e-5,5.400655315529018e-5,5.364505244746194e-5,5.3292313732079714e-5,5.294832989561813e-5,5.261306428449099e-5,5.228647176944086e-5,5.196849365854056e-5,5.165905794039177e-5,5.1358080600560994e-5,5.1065467130284954e-5,5.078111405838193e-5,5.0504910468484e-5,5.023673968543031e-5,4.997648113539078e-5,4.9723998921910566e-5,4.947914977417819e-5,4.924178719622771e-5,4.901176276729993e-5,4.8788927423983735e-5,4.8573132721712856e-5,4.836423207235896e-5,4.8162083345798244e-5,4.7966531202026886e-5,4.777741139299965e-5,4.7594562973341216e-5,4.7417829460113885e-5,4.724705996350372e-5,4.7082110249421125e-5,4.692284456426861e-5,4.676910855788257e-5,4.662074169818987e-5,4.64775911088878e-5,4.633951257132525e-5,4.62063714855036e-5,4.607804511649589e-5,4.5954397462018905e-5,4.583527716768912e-5,4.57205427986427e-5,4.5610064199684365e-5,4.550372331873277e-5,4.540141526516586e-5,4.5303011702895824e-5,4.520837566067472e-5,4.511738290394259e-5,4.502992267384315e-5,4.49458993344768e-5,4.486521834302877e-5,4.4787753932631335e-5,4.471338873924611e-5,4.46420200662419e-5,4.4573560488406834e-5,4.450793653727483e-5,4.44450423045903e-5,4.4384767954669976e-5,4.432701933025984e-5,4.4271718426901516e-5,4.421880439861052e-5,4.416819222971395e-5,4.411978041257879e-5,4.407348360701767e-5,4.402923336622984e-5,4.398697960410053e-5,4.3946653569137445e-5,4.390816283877342e-5,4.387143100513817e-5,4.3836399134135456e-5,4.3803027249719544e-5,4.3771258384519806e-5,4.37410089729388e-5,4.371221151101796e-5,4.368481640455007e-5,4.365879332042975e-5,4.363409329703297e-5,4.361064100726496e-5,4.358837769531754e-5,4.3567262825823725e-5,4.354727510665677e-5,4.352837039868663e-5,4.351048107066764e-5,4.349355685096797e-5,4.347756589350629e-5,4.346249507349327e-5,4.3448302443030426e-5,4.343492776798502e-5,4.3422328910123196e-5,4.341048227575845e-5,4.3399381681752124e-5,4.338898537748473e-5,4.337924042885942e-5,4.337011241569908e-5,4.3361585576971116e-5,4.3353658858276296e-5,4.33462896751172e-5,4.333943229738379e-5,4.33330595647866e-5,4.332716332695713e-5,4.3321744766736686e-5,4.331676098880213e-5,4.331217306263395e-5,4.330796060672743e-5,4.330412270156761e-5,4.330065994112488e-5,4.329753012259902e-5,4.329470065946819e-5,4.329215746174489e-5,4.3289906200093235e-5,4.328794452355474e-5,4.328623202799524e-5,4.3284742012726376e-5,4.328346620000668e-5,4.328241592260064e-5,4.3281584178866543e-5,4.3280933379626565e-5,4.328044226254337e-5,4.328010790138953e-5,4.3279946082619456e-5,4.32799441736244e-5,4.328006821035128e-5,4.328030194137713e-5,4.328064735814299e-5,4.328112323984509e-5,4.328171106775084e-5,4.328238104905746e-5,4.328312154306916e-5,4.32839391807095e-5,4.3284853687402874e-5,4.3285841451758745e-5,4.3286876993448516e-5,4.328795291403326e-5,4.328908042522017e-5,4.329027742482395e-5,4.329151716028554e-5,4.329277814825038e-5,4.3294052970007133e-5
0.0,7.77696075769038e-22,-3.427982993917685e-12,-3.159544279843043e-7,5.986947723946125e-10,1.5210310910546752e-12,-1.014246332684449e-12,2.532608784688181e-13,5.310125961812166e-13,1.1742216607514442e-12,2.4721381675310265e-12,5.0568895076457685e-12,1.0162328348749048e-11,2.0236789921797377e-11,4.020690527212819e-11,7.955908329379147e-11,1.556154095301342e-10,2.982170861275105e-10,5.56727274219345e-10,1.0044465367591898e-9,1.738091375365938e-9,2.862389092691962e-9,4.40246567348746e-9,6.255123656180566e-9,8.299589254787025e-9,1.0452863639375667e-8,1.2704656212444438e-8,1.5181953339059005e-8,1.8161537596811873e-8,2.1834544274436336e-8,2.639697536089081e-8,3.209214546058384e-8,3.934351793682684e-8,4.861993251162612e-8,6.088674002155956e-8,7.651271315252506e-8,9.595837574905096e-8,1.2096586595768405e-7,1.519308840382229e-7,1.8997966934307013e-7,2.3595930677227856e-7,2.894541425588581e-7,3.502759044314387e-7,4.205990933258855e-7,5.0389184048891e-7,6.003494052419462e-7,7.089116008392621e-7,8.316212532270735e-7,9.789485112961934e-7,1.1601649190518637e-6,1.3733442297992949e-6,1.6153242590189092e-6,1.8875261324690607e-6,2.1914602611568725e-6,2.5147886400214197e-6,2.854741920932124e-6,3.2117869902745034e-6,3.5858208335660396e-6,3.975092834827429e-6,4.379193388188279e-6,4.798835997611637e-6,5.2349103869850636e-6,5.688230447181353e-6,6.15949685457962e-6,6.649290142408723e-6,7.15805952246243e-6,7.68610789625024e-6,8.233577615641463e-6,8.800439052518612e-6,9.386445152937059e-6,9.991189071255153e-6,1.0614199953539774e-5,1.1254677485605372e-5,1.1911680600702585e-5,1.2584103945983746e-5,1.3270595885770104e-5,1.3969828611456245e-5,1.4679948355960398e-5,1.5399767266618732e-5,1.6127353121400894e-5,1.6860770491827242e-5,1.7598050645846806e-5,1.833717626606326e-5,1.907609532427198e-5,1.9812739561574097e-5,2.054504372898738e-5,2.127096448135849e-5,2.1988498615525025e-5,2.2695700009113892e-5,2.339069375120081e-5,2.407169397137265e-5,2.473701084523201e-5,2.53850615125497e-5,2.6014342822777994e-5,2.662344942662052e-5,2.7211245811739884e-5,2.7776811049075152e-5,2.8319336555681284e-5,2.8838086177805435e-5,2.9332392976637166e-5,2.980167294767931e-5,3.0245431777604003e-5,3.06632703445156e-5,3.105489600910715e-5,3.142012212051847e-5,3.175885800743298e-5,3.2071088034066045e-5,3.235687705214074e-5,3.261636874961773e-5,3.28496037764563e-5,3.305715714563376e-5,3.323930535315656e-5,3.339638074403308e-5,3.35288071604772e-5,3.36370711175771e-5,3.372171198794518e-5,3.3783289590274325e-5,3.3822401326381716e-5,3.3839693669332504e-5,3.3835859914937736e-5,3.38116227157915e-5,3.376771342372107e-5,3.370490163245547e-5,3.3623943365220996e-5,3.352575801483471e-5,3.3411178955564684e-5,3.3281037461906294e-5,3.3136203526073106e-5,3.297756866612807e-5,3.2806036539150534e-5,3.2622497390006705e-5,3.242783923401143e-5,3.2222953355351766e-5,3.200872837554801e-5,3.178604547991017e-5,3.155576604512806e-5,3.131872397407875e-5,3.1075736692659346e-5,3.082760073127113e-5,3.05750880992258e-5,3.0318943221170328e-5,3.0059880121768937e-5,2.9798537015511634e-5,2.953562063391788e-5,2.927172584595583e-5,2.9007422618167907e-5,2.874325249782453e-5,2.8479723558412753e-5,2.821730955732546e-5,2.7956450021259723e-5,2.7697550718604406e-5,2.744098438194657e-5,2.7187091573147576e-5,2.6936181737369278e-5,2.6688534127950635e-5,2.644439957626496e-5,2.6204001736665362e-5,2.5967538277254584e-5,2.5735182203493223e-5,2.5507083209617963e-5,2.5283369041827254e-5,2.5064146859980478e-5,2.4849504586607464e-5,2.46395122342037e-5,2.4434223203649984e-5,2.4233675537432867e-5,2.4037893260836982e-5,2.3846887459335106e-5,2.3660620551106578e-5,2.347914114570318e-5,2.3302413764101216e-5,2.3130398576002505e-5,2.2963054836506572e-5,2.2800335776892133e-5,2.2642188479947867e-5,2.24885544886983e-5,2.23393705170173e-5,2.2194569156603298e-5,2.2054079559022736e-5,2.191782814174885e-5,2.1785739319287762e-5,2.1657732563043415e-5,2.153372480228046e-5,2.1413631735914475e-5,2.129736833663895e-5,2.11848493326123e-5,2.1075989667269777e-5,2.097070493758811e-5,2.0868912187136038e-5,2.0770525222051207e-5,2.0675455882128706e-5,2.058361740698773e-5,2.0494924799047672e-5,2.0409295172476865e-5,2.0326648055738448e-5,2.0246905914682888e-5,2.016998696884118e-5,2.0095808558049846e-5,2.0024290847890934e-5,1.9955357099095392e-5,1.988893392170424e-5,1.9824951865083172e-5,1.9763338782881716e-5,1.9704019314437988e-5,1.964692156154635e-5,1.95919774311879e-5,1.953912283469731e-5,1.9488297947619695e-5,1.943943760141243e-5,1.9392475185491223e-5,1.9347348238839813e-5,1.9303998619256e-5,1.926237290956577e-5,1.9222418734455794e-5,1.9184076328071157e-5,1.9147288874348505e-5,1.9112004116757448e-5,1.9078174489776712e-5,1.9045756752779315e-5,1.9014699915939067e-5,1.8984952655381376e-5,1.895646838929229e-5,1.89292053758666e-5,1.8903126950212416e-5,1.8878190794558735e-5,1.8854350928693415e-5,1.883156615962715e-5,1.880980024638808e-5,1.8789022257593676e-5,1.8769196977832204e-5,1.8750283610672973e-5,1.8732246029636208e-5,1.8715053134762282e-5,1.8698679216280627e-5,1.8683094656669486e-5,1.866826344637173e-5,1.8654154186648107e-5,1.8640740548592806e-5,1.862800160450246e-5,1.8615912043632675e-5,1.8604440172642225e-5,1.8593558976342135e-5,1.858324652727503e-5,1.8573486234476222e-5,1.856425598874656e-5,1.8555527991667332e-5,1.854727926897848e-5,1.8539491931759488e-5,1.8532153240003153e-5,1.852524335369667e-5,1.8518738040244277e-5,1.851261803025978e-5,1.8506869121658654e-5,1.850148187725904e-5,1.849643798603616e-5,1.849171653158632e-5,1.8487301623864588e-5,1.848318242690959e-5,1.84793521333303e-5,1.8475793493940048e-5,1.84724886844845e-5,1.846942488258336e-5,1.8466594372781623e-5,1.846399205089448e-5,1.8461601684838158e-5,1.845940826221856e-5,1.845740173327425e-5,1.8455577238770037e-5,1.845393048943131e-5,1.8452446369455828e-5,1.8451112405723645e-5,1.8449921044764792e-5,1.8448869971990447e-5,1.8447954964707065e-5,1.844716216761093e-5,1.844648139239072e-5,1.8445907325865462e-5,1.8445439830452262e-5,1.8445074185971416e-5,1.8444797935707317e-5,1.844460294133078e-5,1.844448589515477e-5,1.8444448412922613e-5,1.844448491476265e-5,1.8444584443086288e-5,1.84447406950699e-5,1.844495215543403e-5,1.8445221719049703e-5,1.844554278444905e-5,1.8445905939817407e-5,1.844630652402959e-5,1.8446744654456274e-5,1.844722389328914e-5,1.844773673773118e-5,1.8448275276909232e-5,1.8448836318015268e-5,1.8449421519705228e-5,1.8450034324261916e-5,1.8450666756973856e-5,1.8451312256966852e-5,1.8451967936212996e-5
0.0,8.84321754208279e-23,1.929102342286695e-12,2.3162762719242038e-7,-8.220710765200017e-10,-2.0520177723666466e-12,1.5280280791226613e-12,1.89908315493456e-14,1.5153133193111732e-13,3.3805479109937324e-13,7.214113244370313e-13,1.4952216658178195e-12,3.044595263895352e-12,6.141658186828575e-12,1.2361899536183222e-11,2.479800905719685e-11,4.921420281173729e-11,9.575216331378694e-11,1.815065319802775e-10,3.326046735568717e-10,5.844731551630393e-10,9.762333539120472e-10,1.522050639459887e-9,2.1888381034166653e-9,2.9297666127613356e-9,3.7118200239666133e-9,4.526631687952348e-9,5.4127635901319406e-9,6.468642357068133e-9,7.767847444589416e-9,9.378873259746528e-9,1.1390011680886887e-8,1.3940244345065228e-8,1.7200716315168636e-8,2.1528432314107535e-8,2.717933770113525e-8,3.4323110291247856e-8,4.359919966036842e-8,5.5243517889396125e-8,6.966732351756642e-8,8.718264966732213e-8,1.0765449058602862e-7,1.3096966791501118e-7,1.578447814289925e-7,1.896442285818833e-7,2.2663510983317413e-7,2.6839607135202206e-7,3.154827974229934e-7,3.7164713467831463e-7,4.4081606190758644e-7,5.228522852263418e-7,6.164964266111812e-7,7.221188697166403e-7,8.425156745909624e-7,9.714855978110983e-7,1.1072132645611606e-6,1.2498316178925037e-6,1.399504076436695e-6,1.555333831963326e-6,1.7171228405129745e-6,1.8852710331901642e-6,2.060317338778077e-6,2.242795655095115e-6,2.4332044068688914e-6,2.6319965774335065e-6,2.839570714696808e-6,3.056261591897231e-6,3.282331698809284e-6,3.517963584269735e-6,3.7632008954400584e-6,4.018084878377221e-6,4.282594063889519e-6,4.556514053772932e-6,4.839570367376804e-6,5.131399522831159e-6,5.431451636649384e-6,5.739308587622612e-6,6.05400553588737e-6,6.375387559396591e-6,6.7024674116130675e-6,7.0343631017800214e-6,7.370161881280545e-6,7.7089049298543e-6,8.049593725093861e-6,8.39119959303506e-6,8.732674107173736e-6,9.072959712517484e-6,9.411000385169275e-6,9.745751910659982e-6,1.007619041301179e-5,1.040132587715043e-5,1.0720204575951847e-5,1.1031918785488881e-5,1.1335593742793118e-5,1.163039197528035e-5,1.1915611054118558e-5,1.2190664864121757e-5,1.2455030233569393e-5,1.2708224972364217e-5,1.2949806495383686e-5,1.3179378748289176e-5,1.3396596341568884e-5,1.3601167554516288e-5,1.3792860851409577e-5,1.3971505250215695e-5,1.4136985740513512e-5,1.4289235237253008e-5,1.4428235326260983e-5,1.4554014428236356e-5,1.4666457126726397e-5,1.4766009688230496e-5,1.4852709636709388e-5,1.492670037411855e-5,1.4988184196334981e-5,1.5037399258179376e-5,1.5074613846634354e-5,1.5100115407889838e-5,1.5114214818741876e-5,1.511724888057168e-5,1.510957869558153e-5,1.5091583562820257e-5,1.506365399681349e-5,1.5026199551841336e-5,1.4979592502786572e-5,1.4924374703070758e-5,1.486096621830529e-5,1.4789807367702577e-5,1.4711359852006273e-5,1.4626094417454078e-5,1.4534486338282414e-5,1.4437006834170246e-5,1.4334125304038237e-5,1.4226309879859463e-5,1.4114024716340813e-5,1.3997727803527086e-5,1.3877866556403527e-5,1.3754874745430481e-5,1.3629174971975725e-5,1.3501176726290176e-5,1.3371274791650012e-5,1.3239847921500515e-5,1.3107256631319421e-5,1.297380538914668e-5,1.2839886812773103e-5,1.2705782309724357e-5,1.2571773531537931e-5,1.243812761477342e-5,1.2305093626939252e-5,1.2172902213367063e-5,1.204176578077356e-5,1.1911878887003783e-5,1.1783418725725551e-5,1.1656545678643823e-5,1.1531403969378714e-5,1.1408122276901578e-5,1.1286814623390606e-5,1.1167581107462609e-5,1.1050508622223256e-5,1.0935671612817134e-5,1.0823132838176624e-5,1.0712944129505592e-5,1.0605147139283423e-5,1.0499774075576878e-5,1.0396848417467936e-5,1.029638560830279e-5,1.0198393712186293e-5,1.0102874124746337e-5,1.0009822079715604e-5,9.919189038967058e-6,9.831028652101338e-6,9.745297327798144e-6,9.661964887403427e-6,9.58100277167161e-6,9.502379970767295e-6,9.426062845076168e-6,9.352015404564134e-6,9.280199643429409e-6,9.21057586981554e-6,9.143103019473669e-6,9.077738968837168e-6,9.014440848185889e-6,8.953164145444995e-6,8.893863546993122e-6,8.836493418638094e-6,8.781008016950953e-6,8.72736168769631e-6,8.675509051965917e-6,8.625405180520006e-6,8.577005880413433e-6,8.530266176256464e-6,8.485140744234302e-6,8.441585031979695e-6,8.399555396199922e-6,8.359009226059421e-6,8.319905043250292e-6,8.28220268677306e-6,8.245860948626158e-6,8.210838683749481e-6,8.177096030984424e-6,8.144594501226288e-6,8.113297059183321e-6,8.083168314447688e-6,8.054172332875122e-6,8.02627246246144e-6,7.999433527116772e-6,7.973621933724108e-6,7.948805731221815e-6,7.924954689009156e-6,7.902037130035755e-6,7.880021209624061e-6,7.858876747709896e-6,7.83857527657349e-6,7.819090166112658e-6,7.80039540579572e-6,7.782462829479124e-6,7.765265506299334e-6,7.74877826125825e-6,7.732977710020954e-6,7.717842130473444e-6,7.70334749615644e-6,7.689469904286816e-6,7.676187233261426e-6,7.663479166769115e-6,7.651327263495341e-6,7.639711436262204e-6,7.628610600673109e-6,7.618005436367694e-6,7.607878433635851e-6,7.59821400321011e-6,7.588995331977436e-6,7.580203955927552e-6,7.57182310808925e-6,7.563837828591687e-6,7.556235077118795e-6,7.549000689449606e-6,7.542118563356516e-6,7.535574249160638e-6,7.529355093941282e-6,7.523450344137849e-6,7.517847947046431e-6,7.512533896079583e-6,7.507495837265315e-6,7.5027231979450545e-6,7.4982072631058844e-6,7.493937631057955e-6,7.489902155896203e-6,7.486090372949934e-6,7.4824935796799985e-6,7.479104852286756e-6,7.475915049981085e-6,7.472913695859303e-6,7.470092023128067e-6,7.467443005380586e-6,7.46496125457632e-6,7.46263857524375e-6,7.460466005077407e-6,7.458436298243657e-6,7.4565439313192695e-6,7.454784766358791e-6,7.453151336608886e-6,7.451636058050737e-6,7.450233042905858e-6,7.4489381312269035e-6,7.447748075922921e-6,7.4466560683673e-6,7.445655756592795e-6,7.444742461535456e-6,7.443913249010024e-6,7.443165423707826e-6,7.442492818586463e-6,7.441890177253052e-6,7.441353893129602e-6,7.440882111484671e-6,7.440472401850864e-6,7.440119243147691e-6,7.439818350258747e-6,7.439567065560914e-6,7.439364455126888e-6,7.439208132011062e-6,7.439093228983971e-6,7.439016319774691e-6,7.4389755843923565e-6,7.438970837987593e-6,7.438999586426646e-6,7.439057616872283e-6,7.439142260892491e-6,7.439252436530432e-6,7.439388524379318e-6,7.439547841915021e-6,7.439726818022461e-6,7.439923452060993e-6,7.440137321972031e-6,7.440369149376653e-6,7.440616077812253e-6,7.440875139293723e-6,7.441144921314031e-6,7.441425609467901e-6,7.441717988443008e-6,7.44201914630377e-6,7.442326648489851e-6,7.442639272106897e-6
0.0,8.989194996708958e-24,-7.865090007873918e-13,-1.2614562470290506e-7,1.0035964378779639e-9,2.530832460451464e-12,-1.8408241860714084e-12,6.909582672928281e-14,3.9830705974587513e-14,9.3124299401124e-14,2.0198465276204396e-13,4.2487569824931863e-13,8.780198273548427e-13,1.7973741553520547e-12,3.671923733588133e-12,7.481453763978214e-12,1.5092848120418617e-11,2.9866495497028495e-11,5.758100033335717e-11,1.0732178222499417e-10,1.9175583146111777e-10,3.252822967379883e-10,5.145776802230595e-10,7.494085713234377e-10,1.012135776057543e-9,1.289785105404102e-9,1.5777337822577762e-9,1.887319395883062e-9,2.252328957771449e-9,2.700356162724588e-9,3.2550592859544437e-9,3.947368036756702e-9,4.82233342041258e-9,5.940701796694432e-9,7.416965250219236e-9,9.35635391423129e-9,1.1804330562282045e-8,1.4978390807247878e-8,1.8978235090975297e-8,2.4017473119969913e-8,3.0274170024780344e-8,3.7655701241860686e-8,4.608511193511582e-8,5.578522972265861e-8,6.72541730827515e-8,8.065648073158194e-8,9.584461259706572e-8,1.1295948116207382e-7,1.332666083863656e-7,1.582999445294856e-7,1.8823367777018367e-7,2.2262386721235544e-7,2.6157039954155443e-7,3.0604792164220873e-7,3.538289483143817e-7,4.04073224224807e-7,4.5750927358845574e-7,5.141364396571133e-7,5.731916399703911e-7,6.345946445914693e-7,6.985477159779053e-7,7.653353464618243e-7,8.352521193987562e-7,9.085842569454478e-7,9.856030856323084e-7,1.066559982603475e-6,1.1516819566959076e-6,1.2411673856659443e-6,1.3351811464508415e-6,1.4337838172021065e-6,1.5371438164938414e-6,1.6453264891919995e-6,1.7583089758675064e-6,1.8760491271727176e-6,1.9984613704116884e-6,2.125312365806426e-6,2.2565680426384134e-6,2.3916551245921304e-6,2.530875277696225e-6,2.6736737118927324e-6,2.819677040775225e-6,2.9684910648867467e-6,3.119689181357158e-6,3.2728148241383897e-6,3.427385845858583e-6,3.5828995577196113e-6,3.7388381130677035e-6,3.894674124862751e-6,4.0498763204807476e-6,4.203913682528615e-6,4.356265940891635e-6,4.5064216465913405e-6,4.653886518306865e-6,4.798177700082869e-6,4.9388250114698655e-6,5.075421010341228e-6,5.207615897649597e-6,5.335091701401041e-6,5.457551650348816e-6,5.5747205649993725e-6,5.686347773174754e-6,5.7922096105405825e-6,5.892111083725339e-6,5.985889279464062e-6,6.0734136757480325e-6,6.154584635625597e-6,6.229333140276593e-6,6.2976182739430816e-6,6.359424624104702e-6,6.4145699702920126e-6,6.4634463070792545e-6,6.505963690038661e-6,6.5421759660133425e-6,6.572172054370423e-6,6.596059687201515e-6,6.613962612908907e-6,6.626022255880703e-6,6.632394594134227e-6,6.633247725757572e-6,6.628760896517102e-6,6.619125071678654e-6,6.604543772551958e-6,6.585228728561446e-6,6.561341035573357e-6,6.533217738006389e-6,6.501047947479695e-6,6.465059974144518e-6,6.425492761613428e-6,6.382587868621461e-6,6.33658784999186e-6,6.287737108456293e-6,6.236279204905688e-6,6.182454706263368e-6,6.126500277995288e-6,6.068647907840705e-6,6.009124868280893e-6,5.948153173522593e-6,5.885947296769937e-6,5.822713552056551e-6,5.758649568399598e-6,5.6939438716532244e-6,5.628773028434452e-6,5.563272756933124e-6,5.497672962054504e-6,5.432094904515232e-6,5.3666751855213055e-6,5.3015431616747305e-6,5.236818663382715e-6,5.172611890846575e-6,5.109023593346654e-6,5.046145358564581e-6,4.9840599027866716e-6,4.922841406251665e-6,4.862555894740514e-6,4.803261643269118e-6,4.745009526021928e-6,4.687843431894981e-6,4.631800694094208e-6,4.576912510377271e-6,4.523204358803545e-6,4.470696406078707e-6,4.41940390593521e-6,4.369337585385803e-6,4.3205040170372974e-6,4.272905975991817e-6,4.226542767057312e-6,4.181410589396504e-6,4.137502807410058e-6,4.094771089366658e-6,4.053278471139678e-6,4.012980801380589e-6,3.973858971999622e-6,3.935895773432141e-6,3.899073060611611e-6,3.8633716033492644e-6,3.828771200141782e-6,3.7952508178609583e-6,3.7627887249766353e-6,3.7313626128853124e-6,3.7009496995814114e-6,3.671526815901063e-6,3.643070825873764e-6,3.6155585277965826e-6,3.588966645435257e-6,3.5632718839744517e-6,3.538450977203358e-6,3.514480726693379e-6,3.491338033713605e-6,3.468999888725992e-6,3.4474438761511163e-6,3.426648104670615e-6,3.406590926495021e-6,3.387250950676782e-6,3.3686070360395305e-6,3.350638281391632e-6,3.3333240082473054e-6,3.3166444670924123e-6,3.300580530939591e-6,3.285113351896747e-6,3.270224344145722e-6,3.2558951657231215e-6,3.2421076655502394e-6,3.2288445250324354e-6,3.216089309855641e-6,3.2038258255913816e-6,3.1920380814126885e-6,3.1807102663678855e-6,3.169826718711035e-6,3.1593728491550916e-6,3.1493347581460125e-6,3.139698687528099e-6,3.1304509954158772e-6,3.1215781075916595e-6,3.1130668652041776e-6,3.104905333991828e-6,3.0970817926449105e-6,3.0895845662719486e-6,3.0824020029897196e-6,3.0755224988477886e-6,3.068935661494565e-6,3.0626315802792103e-6,3.056600322299082e-6,3.050831912074269e-6,3.0453162978030033e-6,3.040044386231025e-6,3.0350078398533725e-6,3.0301982440694556e-6,3.0256070808463207e-6,3.021225683755497e-6,3.0170461642005607e-6,3.013061529499971e-6,3.009264673860753e-6,3.005648334140116e-6,3.002205045089716e-6,2.998928038745676e-6,2.9958114793520138e-6,2.9928493804557875e-6,2.9900355515493496e-6,2.9873635573659684e-6,2.9848276667022805e-6,2.98242304096973e-6,2.9801446453079093e-6,2.9779872009398477e-6,2.9759451534403034e-6,2.9740137280533814e-6,2.972188940203744e-6,2.97046656000465e-6,2.9688420799719963e-6,2.9673107022675934e-6,2.9658685321420945e-6,2.964512307242923e-6,2.963238475470812e-6,2.96204317885528e-6,2.960922277432655e-6,2.959872680312319e-6,2.958891726494933e-6,2.957976431799356e-6,2.957123480929629e-6,2.956329322950866e-6,2.955591585152988e-6,2.9549081013782382e-6,2.954276360648546e-6,2.9536934922851243e-6,2.953156506210483e-6,2.952663636194909e-6,2.9522131250280965e-6,2.9518028533587103e-6,2.951430313328079e-6,2.9510930579269765e-6,2.950789815320141e-6,2.9505191640988263e-6,2.950279306324363e-6,2.950068032699382e-6,2.949883420380382e-6,2.9497245877096957e-6,2.94959038623811e-6,2.9494792790425907e-6,2.9493893081821293e-6,2.949319049281104e-6,2.949267918270721e-6,2.949234985723742e-6,2.949218923848434e-6,2.949217994721282e-6,2.9492312370472477e-6,2.9492582853582467e-6,2.9492983830436222e-6,2.949350366946362e-6,2.949412702095658e-6,2.9494848443246825e-6,2.9495665819915142e-6,2.9496572918143587e-6,2.949755934097061e-6,2.949861181636272e-6,2.949972841922694e-6,2.9500908093715658e-6,2.9502145603959837e-6,2.95034313856076e-6,2.9504754539811608e-6,2.95061157733418e-6,2.9507514789440455e-6,2.9508948055157496e-6
0.0,1.0320245657853747e-24,2.2839310386252933e-13,5.438593049278135e-8,-1.1500515522486668e-9,-2.912729517915249e-12,2.1247512923979648e-12,-5.719283407662028e-14,1.018996259589592e-14,2.1035247178610092e-14,4.6278844805268056e-14,9.915087369132474e-14,2.0871291592774201e-13,4.352936535749172e-13,9.064099098126276e-13,1.8840785884686493e-12,3.881516544479302e-12,7.84983858492374e-12,1.546920484427907e-11,2.9475245121057585e-11,5.3828151017596066e-11,9.329377539791772e-11,1.507380620464052e-10,2.2387483974269425e-10,3.0726792526617356e-10,3.965473111343033e-10,4.896955818164394e-10,5.895154470424108e-10,7.062438484806661e-10,8.492572853109951e-10,1.026220302559333e-9,1.247119459703432e-9,1.5256709264120863e-9,1.881790498418902e-9,2.349692875902749e-9,2.967620719960284e-9,3.748304372617087e-9,4.759271963450373e-9,6.039277296011485e-9,7.648481792064436e-9,9.645240292738185e-9,1.2000625351697965e-8,1.4682184432376691e-8,1.77458538556311e-8,2.1344787108308295e-8,2.5544719142320194e-8,3.029455573586768e-8,3.5613824632502776e-8,4.186085670005834e-8,4.95276082732478e-8,5.871086216455962e-8,6.92599507085437e-8,8.125160066802558e-8,9.491625261037729e-8,1.0969634267885313e-7,1.2517891556390307e-7,1.415468485411066e-7,1.588759607297136e-7,1.7690881323173754e-7,1.9561595108127832e-7,2.1507058725073662e-7,2.3537849964504994e-7,2.566517822084888e-7,2.7900192238800015e-7,3.025370153178766e-7,3.273598195127467e-7,3.535658516357338e-7,3.8124181695934434e-7,4.104645711177569e-7,4.41463648723755e-7,4.746056088102398e-7,5.095944484644749e-7,5.464497863063656e-7,5.851905568584748e-7,6.258203917076159e-7,6.68225190486578e-7,7.125424957556151e-7,7.603646383957514e-7,8.103848949508585e-7,8.623110040975248e-7,9.160319310510879e-7,9.714248477985155e-7,1.0283483180827584e-6,1.0866426476760355e-6,1.146131203021778e-6,1.206622143466412e-6,1.2679104468282934e-6,1.3297801834914504e-6,1.392006885469015e-6,1.4543591293942653e-6,1.5166053936489382e-6,1.5785103201985563e-6,1.6398410136587381e-6,1.7003652525388921e-6,1.7598526672257874e-6,1.8180950629486488e-6,1.87490617288687e-6,1.9301119875959596e-6,1.983546575307399e-6,2.0350513634127597e-6,2.0844780410239253e-6,2.1316901677760692e-6,2.176564647020723e-6,2.2189939525619635e-6,2.258887144887337e-6,2.2961692085158878e-6,2.330775676017112e-6,2.362656209255467e-6,2.3917716309718923e-6,2.4179308416983767e-6,2.441473204160191e-6,2.462244971593596e-6,2.4802447513494835e-6,2.495494136853573e-6,2.5080289566883616e-6,2.5178969053234117e-6,2.5251473795226746e-6,2.5298373127248266e-6,2.532035055104156e-6,2.5318197274591877e-6,2.529275642910256e-6,2.524485776155694e-6,2.5175415468999308e-6,2.5084868327039054e-6,2.497541360013137e-6,2.4847574403340585e-6,2.470233877863904e-6,2.454079596812461e-6,2.43640808677643e-6,2.4173351079268642e-6,2.3969711773778517e-6,2.3754257292444006e-6,2.3528094792909536e-6,2.329233132278603e-6,2.304806382444094e-6,2.2796346133886486e-6,2.253817157227694e-6,2.227451329248511e-6,2.2006315859773234e-6,2.1734488761616847e-6,2.1459901128581685e-6,2.118329559811612e-6,2.0905280955100804e-6,2.062708035080688e-6,2.03491064718348e-6,2.0071964487886278e-6,1.9796229400062645e-6,1.9522432146179685e-6,1.9251058497535526e-6,1.8982549592786352e-6,1.871730344387275e-6,1.845567616277643e-6,1.8197983886320606e-6,1.7944504787909798e-6,1.7695480466223288e-6,1.7451119644027244e-6,1.7211600138930307e-6,1.6977070541773224e-6,1.6747652178696089e-6,1.652344107181751e-6,1.6304509874831074e-6,1.6090909766191382e-6,1.5882672286620206e-6,1.5679811112038248e-6,1.5482323756402814e-6,1.5290193069971586e-6,1.510338953513951e-6,1.4921870521028384e-6,1.47452151935118e-6,1.4574089013482424e-6,1.4408087707430769e-6,1.424711260704877e-6,1.4091077665943427e-6,1.3939893554654988e-6,1.3793467017158307e-6,1.3651701555576623e-6,1.35144982721269e-6,1.338175671998569e-6,1.325337573819659e-6,1.3129254415381264e-6,1.3009293185218699e-6,1.28933847571824e-6,1.2781420038550636e-6,1.2673291043071884e-6,1.2568891594550932e-6,1.2468118018568962e-6,1.2370869821241907e-6,1.2277050353308833e-6,1.218656849627811e-6,1.2099325277616916e-6,1.2015217018144566e-6,1.1934144223176635e-6,1.1856012364039798e-6,1.17807323386779e-6,1.1708221096272126e-6,1.1638402814626215e-6,1.1571188970817687e-6,1.1506487425194673e-6,1.1444212401542735e-6,1.1384285048567332e-6,1.1326633977134585e-6,1.1271196730143738e-6,1.121790157011315e-6,1.11666660212239e-6,1.111741501108709e-6,1.1070081717833001e-6,1.1024608036246563e-6,1.098094521911541e-6,1.0939027735354955e-6,1.0898783888927531e-6,1.0860150985240233e-6,1.082307575538709e-6,1.0787515429254321e-6,1.0753427740136294e-6,1.0720748111797223e-6,1.0689417696943396e-6,1.0659387730304055e-6,1.0630619879621184e-6,1.0603085256770175e-6,1.0576731815852132e-6,1.0551504445143998e-6,1.052735869884495e-6,1.0504261070873711e-6,1.0482189646667332e-6,1.0461105189602373e-6,1.0440956568465226e-6,1.0421703576940312e-6,1.0403317395665014e-6,1.0385781575362474e-6,1.0369066227941396e-6,1.035312459025695e-6,1.0337920667737982e-6,1.0323430217139513e-6,1.030964174898581e-6,1.0296531545164925e-6,1.0284057028773693e-6,1.0272186399852923e-6,1.0260899895096866e-6,1.025019070451795e-6,1.0240038704590183e-6,1.0230405132323791e-6,1.0221262348791901e-6,1.021259496577119e-6,1.0204400540473128e-6,1.019666045069976e-6,1.018933947923727e-6,1.0182414084453874e-6,1.0175873127521127e-6,1.0169718069312036e-6,1.016393011613941e-6,1.0158477527017578e-6,1.0153340759518608e-6,1.0148512774209705e-6,1.0143998248406438e-6,1.0139777002262414e-6,1.0135820855392881e-6,1.0132114134128728e-6,1.01286537697824e-6,1.012544657112844e-6,1.012247042629475e-6,1.0119700804996545e-6,1.0117125745207322e-6,1.01147461574533e-6,1.0112569152295784e-6,1.0110571207670002e-6,1.0108731317996815e-6,1.0107041056446193e-6,1.0105505207129798e-6,1.0104129391622525e-6,1.010288952113426e-6,1.0101767947658169e-6,1.0100759591118408e-6,1.0099872814829807e-6,1.0099110274121429e-6,1.0098448216375294e-6,1.0097872172847383e-6,1.009738021689658e-6,1.0096983787353848e-6,1.0096681531336786e-6,1.0096450861217236e-6,1.0096280305391253e-6,1.0096170898241231e-6,1.0096136444695724e-6,1.0096171027892475e-6,1.009625389962769e-6,1.009637640508374e-6,1.0096542353280262e-6,1.0096767018668039e-6,1.0097039850765576e-6,1.009734242105216e-6,1.0097668717660243e-6,1.0098025232654612e-6,1.0098427396578723e-6,1.0098860665730425e-6,1.0099309120553294e-6,1.0099769228137162e-6,1.0100250211242865e-6,1.0100765828707376e-6,1.010129897078443e-6,1.0101836089883747e-6,1.010237327057931e-6
0.0,2.2733150165228913e-26,-5.337155576113281e-14,-2.208774277995688e-8,1.257073705582143e-9,3.19184886388539e-12,-2.324317702720633e-12,6.727028971617855e-14,5.179255185808961e-16,4.247758609863354e-15,9.797844906380525e-15,2.148407073538084e-14,4.632041982417223e-14,9.900192900700422e-14,2.1145179352432376e-13,4.5141545389339244e-13,9.564142719711257e-13,1.991192922413275e-12,4.040771315099885e-12,7.930006922528047e-12,1.4912584330152135e-11,2.6643978362103037e-11,4.438249610850743e-11,6.782103222199831e-11,9.535169757001862e-11,1.254591210800854e-10,1.572491090822241e-10,1.9133202225972085e-10,2.3085146217751388e-10,2.7908314440026715e-10,3.386471643397316e-10,4.129078990917911e-10,5.062968547687552e-10,6.255947633505455e-10,7.81599500232088e-10,9.88332775153313e-10,1.2499087524228198e-9,1.5879714395248226e-9,2.0177021782891253e-9,2.556909907519349e-9,3.2254539860669382e-9,4.01342581715114e-9,4.907524352562424e-9,5.9214919851693715e-9,7.103849835359071e-9,8.48031853218566e-9,1.0032921919753802e-8,1.1760709265737905e-8,1.3768340476473991e-8,1.6218708653543872e-8,1.9156410587247917e-8,2.25263336347019e-8,2.6341955239308216e-8,3.066421857573512e-8,3.532986310739918e-8,4.018682399683472e-8,4.527228072379653e-8,5.062528094927448e-8,5.6155181362853275e-8,6.18451989079123e-8,6.771497732770404e-8,7.379648946820692e-8,8.012386464107619e-8,8.673063486246879e-8,9.364879940451091e-8,1.0090825958384699e-7,1.0853637832616859e-7,1.1655759406977233e-7,1.2499301585227665e-7,1.338963752564578e-7,1.4339628732504487e-7,1.5339568541549666e-7,1.6389405251110688e-7,1.7489417757898708e-7,1.863945646864777e-7,1.9884255867674175e-7,2.1203654739909803e-7,2.2627169421685195e-7,2.412578052348004e-7,2.568653508207358e-7,2.730635409555048e-7,2.8981884795334435e-7,3.070916362797085e-7,3.24836106227846e-7,3.4300061019313625e-7,3.615281154463015e-7,3.8035677381453986e-7,3.994205853367206e-7,4.1865001757843257e-7,4.3797215119619334e-7,4.573150711433612e-7,4.766030216364972e-7,4.957609230945105e-7,5.14713490893594e-7,5.33385229175993e-7,5.517064474652487e-7,5.696140816307568e-7,5.870485149307703e-7,6.039525641075442e-7,6.202721378006487e-7,6.359562765603993e-7,6.50957694747478e-7,6.652330837593884e-7,6.787435539143662e-7,6.914546401902393e-7,7.033366670401513e-7,7.143667648064513e-7,7.245270174153123e-7,7.33807684568807e-7,7.431905567687687e-7,7.517671447815734e-7,7.594021721221004e-7,7.660901806988631e-7,7.718330785771387e-7,7.766358322534426e-7,7.805061941635341e-7,7.834594202806043e-7,7.855147319521719e-7,7.866927868527052e-7,7.87015482733565e-7,7.865082990098698e-7,7.85203116610272e-7,7.831325752293674e-7,7.80605685012071e-7,7.77421144468318e-7,7.735263652947736e-7,7.689610255659104e-7,7.637665811625822e-7,7.579842978359961e-7,7.516554001960003e-7,7.448242722589923e-7,7.375356792618633e-7,7.298329319102684e-7,7.217579862625917e-7,7.1335147423211e-7,7.046539428795147e-7,6.957062978900358e-7,6.865473131480727e-7,6.77213717067663e-7,6.677402440066223e-7,6.581596843538883e-7,6.485137500354669e-7,6.390345303678583e-7,6.295639328843579e-7,6.201083561386263e-7,6.106891330694112e-7,6.013264205337852e-7,5.920386634101395e-7,5.828426151254033e-7,5.737533949690776e-7,5.647845915324322e-7,5.559482896301404e-7,5.472551623982353e-7,5.387145445878963e-7,5.303345375084156e-7,5.221220034724241e-7,5.140826501913162e-7,5.062211296782141e-7,4.985411206436333e-7,4.910454074421476e-7,4.837359555501509e-7,4.766139834492815e-7,4.696800307856632e-7,4.6293402263795944e-7,4.5637532973757814e-7,4.500028120213172e-7,4.4381490768415493e-7,4.3780975376857094e-7,4.3219629828937566e-7,4.267824652558694e-7,4.2153612222895027e-7,4.164535283346467e-7,4.1153161279318114e-7,4.0676723759316406e-7,4.021571546958138e-7,3.976980123830668e-7,3.9338636428274785e-7,3.892186757047062e-7,3.851913265641141e-7,3.813006033589269e-7,3.775426802236722e-7,3.739141105261456e-7,3.704115562659463e-7,3.6703166644750157e-7,3.637710638825632e-7,3.6062632970493496e-7,3.5759398589622483e-7,3.5467047613888547e-7,3.5185209265574864e-7,3.491356653790481e-7,3.4651841174557996e-7,3.439974868909794e-7,3.415699726940359e-7,3.3923283019898694e-7,3.369828820848901e-7,3.348167580265257e-7,3.327319068220274e-7,3.307261363641407e-7,3.2879710657084247e-7,3.2694229996912646e-7,3.2515899292867933e-7,3.2344417890580693e-7,3.2179549362261294e-7,3.2021128807971236e-7,3.1868970254909544e-7,3.172286202102068e-7,3.1582563994269987e-7,3.144780400049282e-7,3.1318410824033604e-7,3.119425982162458e-7,3.1075195207711344e-7,3.096102748702649e-7,3.085152756774164e-7,3.0746477432367774e-7,3.0645786414177165e-7,3.0549347657270965e-7,3.045701547644518e-7,3.036860316071606e-7,3.028388763985551e-7,3.020277597277171e-7,3.012520231566686e-7,3.0051057308750003e-7,2.99801863004332e-7,2.9912385644976847e-7,2.9847550504994605e-7,2.9785646844377744e-7,2.9726594230741887e-7,2.967026313200896e-7,2.961646955054713e-7,2.95651070840868e-7,2.951616436535165e-7,2.9469583053285707e-7,2.942525249848818e-7,2.9383004314529355e-7,2.934274034498539e-7,2.930446653249671e-7,2.9268140600564925e-7,2.9233665332876633e-7,2.920088362018854e-7,2.9169713150023073e-7,2.9140173621848016e-7,2.911223369315769e-7,2.9085804973619515e-7,2.906073824475096e-7,2.903697294667191e-7,2.901453919302669e-7,2.8993412323952247e-7,2.8973508981196607e-7,2.895468591642538e-7,2.8936908749428213e-7,2.8920214293056216e-7,2.8904581123858113e-7,2.8889927856700743e-7,2.887611703569095e-7,2.886314310845419e-7,2.8851045635321607e-7,2.8839803687388467e-7,2.882933520461477e-7,2.8819510897449186e-7,2.8810353736293145e-7,2.880190252327113e-7,2.8794134677728495e-7,2.878696455433389e-7,2.878027766610651e-7,2.877412011903271e-7,2.8768527960405205e-7,2.8763475302130544e-7,2.8758870968365546e-7,2.8754622079210493e-7,2.8750791183624154e-7,2.874741013882602e-7,2.8744448490989015e-7,2.8741808885110264e-7,2.873942555449973e-7,2.8737370795035457e-7,2.873567119551791e-7,2.873429079343309e-7,2.873312676508862e-7,2.873214399454223e-7,2.873141847415265e-7,2.8730970726188664e-7,2.8730758584840855e-7,2.8730675773258353e-7,2.8730719098212975e-7,2.873096322557685e-7,2.8731422032422865e-7,2.873204664624365e-7,2.873273053223527e-7,2.873350139817203e-7,2.873442876614769e-7,2.8735519457479315e-7,2.87367170978677e-7,2.873792042658632e-7,2.873918356079373e-7,2.874056874240455e-7,2.8742075454384947e-7,2.874363848279982e-7,2.8745170190020684e-7,2.87467427258083e-7,2.8748410757746196e-7,2.875018019158344e-7
0.0,9.732750981191753e-27,1.0036396799545425e-14,8.64236419513737e-9,-1.246337146713815e-9,-3.1683006728694595e-12,2.3059220155393276e-12,-6.594720965284931e-14,1.6713910372188677e-15,1.0163049782783813e-15,2.152248085550427e-15,4.825334108663096e-15,1.061364192021443e-14,2.3150707861450305e-14,5.0488654046376474e-14,1.1016723193488473e-13,2.3883731386257007e-13,5.092594095673219e-13,1.0587056135427384e-12,2.1288353042126073e-12,4.101119028834994e-12,7.506030210367918e-12,1.2805798420648068e-11,2.001266065934214e-11,2.8674975193856474e-11,3.830608664745152e-11,4.8577766885955735e-11,5.960964561450721e-11,7.23274586649698e-11,8.782284664430537e-11,1.0696557298191661e-10,1.3084602170434183e-10,1.608616663227625e-10,1.992275874133053e-10,2.4925248910732594e-10,3.1577096096404837e-10,4.002389183688222e-10,5.092923992465943e-10,6.485715135986107e-10,8.232927742649618e-10,1.0399795928351177e-9,1.2954667136560025e-9,1.5849190858263027e-9,1.9113871366397037e-9,2.2896979529799345e-9,2.7294385440798696e-9,3.2249332731442387e-9,3.773952076330799e-9,4.40594597961214e-9,5.17321180911266e-9,6.094396295100547e-9,7.1512606729407915e-9,8.344570919446987e-9,9.690114374337942e-9,1.114232669102976e-8,1.2648558534505012e-8,1.4213643417704843e-8,1.5853942909356826e-8,1.753943848635756e-8,1.9262718020749172e-8,2.1029063684606918e-8,2.2848129875109398e-8,2.47303140786184e-8,2.6685790969835113e-8,2.8724175350879467e-8,3.085433810009959e-8,3.308424739087271e-8,3.5420855362406435e-8,3.787004435647062e-8,4.044418043525747e-8,4.31857064962054e-8,4.606504467364572e-8,4.9079827465990975e-8,5.223017243093953e-8,5.551500208894496e-8,5.9060842173527025e-8,6.292069100669237e-8,6.707739630944698e-8,7.147041858191578e-8,7.604860866818676e-8,8.080247175734818e-8,8.572225820521066e-8,9.079640646622911e-8,9.601148730532539e-8,1.0135228804721712e-7,1.0680194398091383e-7,1.1234210317225685e-7,1.1795312062037671e-7,1.2361398117499658e-7,1.293028320898913e-7,1.3499886243011884e-7,1.4067881993701603e-7,1.4632006912808924e-7,1.5189992501947942e-7,1.5739556183880223e-7,1.6278568914168862e-7,1.6805120454632688e-7,1.7317410593866134e-7,1.7813718220963917e-7,1.8292382240564153e-7,1.8751835327684397e-7,1.9190622548276213e-7,1.9607418206919892e-7,2.000104969584553e-7,2.0370508963573128e-7,2.0714965347136315e-7,2.1033668763133414e-7,2.132602013772221e-7,2.159159675687316e-7,2.1856695521916437e-7,2.210031804114463e-7,2.2315652195041597e-7,2.2502384678362183e-7,2.266056360678085e-7,2.2790428780410736e-7,2.2892368886610786e-7,2.2966795700556405e-7,2.3014220858597153e-7,2.3035306706605288e-7,2.3030857473928773e-7,2.3001746437488045e-7,2.294883136990653e-7,2.2873081589378803e-7,2.2782724062330538e-7,2.2673973892831204e-7,2.254435188845407e-7,2.2394945833895305e-7,2.2227017718886124e-7,2.2041895966002464e-7,2.184094330200982e-7,2.1625458828097752e-7,2.139673053487236e-7,2.1156065020471132e-7,2.090477019974129e-7,2.064414170265712e-7,2.0375419923166766e-7,2.0099767332476857e-7,1.9818320462878487e-7,1.9532179178698365e-7,1.9242398482175412e-7,1.8949981922964744e-7,1.8655981520926096e-7,1.8367049735868717e-7,1.807925495292427e-7,1.7792401063007418e-7,1.7507100875159994e-7,1.7223943596423833e-7,1.6943468737929133e-7,1.6666164648653157e-7,1.6392468578347162e-7,1.612277184740756e-7,1.585741699495843e-7,1.559670305335993e-7,1.5340887596491224e-7,1.5090188369901464e-7,1.4844788007288154e-7,1.460483643458395e-7,1.4370452850694865e-7,1.414172805491093e-7,1.3918726749289107e-7,1.3701489789451085e-7,1.3490036365346e-7,1.3284366098572983e-7,1.3084461048330826e-7,1.2890287628135414e-7,1.2701797211859468e-7,1.2518932942739782e-7,1.2341623847594568e-7,1.2175146213251007e-7,1.2015266019786313e-7,1.1860471539342221e-7,1.1710628601314244e-7,1.1565633338447873e-7,1.1425380757053237e-7,1.1289763391309445e-7,1.1158671938679687e-7,1.1031996117816248e-7,1.0909625556870757e-7,1.0791450682801427e-7,1.0677363813945833e-7,1.0567260460272153e-7,1.0461026482993725e-7,1.035854608089538e-7,1.0259705654723598e-7,1.0164394634160279e-7,1.0072506308775253e-7,9.983938660252694e-8,9.898595192261008e-8,9.816387215063212e-8,9.737214905118024e-8,9.660971572394453e-8,9.587555697294035e-8,9.516873550561882e-8,9.448837553131461e-8,9.383368519019549e-8,9.320397068930893e-8,9.259835246080486e-8,9.20158929775844e-8,9.145573827126279e-8,9.091712605494502e-8,9.039939356467242e-8,8.990199877353195e-8,8.942426016354143e-8,8.89653350251633e-8,8.852447857321595e-8,8.81010564450077e-8,8.769455178286669e-8,8.730457483534485e-8,8.693048756547205e-8,8.657155545230907e-8,8.622716550019255e-8,8.58968328344385e-8,8.558021664690167e-8,8.527697649075054e-8,8.498644304406367e-8,8.470802210086394e-8,8.444125781157235e-8,8.418583825669289e-8,8.394158160475811e-8,8.370796465613291e-8,8.348441300683328e-8,8.327049998983353e-8,8.306595112740844e-8,8.287065403083731e-8,8.26842393974342e-8,8.25061593416815e-8,8.23360184545341e-8,8.217358095373459e-8,8.20187853791894e-8,8.187136989509408e-8,8.173082209706698e-8,8.1596780740432e-8,8.146905041522261e-8,8.134761649799525e-8,8.123228186911933e-8,8.112257023400208e-8,8.101815745360202e-8,8.091889021761036e-8,8.082479971456502e-8,8.073571914075808e-8,8.065120594873167e-8,8.057097558720242e-8,8.049491820732534e-8,8.04231090602999e-8,8.035538390239771e-8,8.029133281459765e-8,8.02307126127477e-8,8.01734576980608e-8,8.011968315104043e-8,8.006920533321255e-8,8.002164845291267e-8,7.997681169827947e-8,7.993467388296246e-8,7.989538214308738e-8,7.98587178939042e-8,7.982434295142191e-8,7.979209914458543e-8,7.976200991555581e-8,7.973424061260816e-8,7.970853167878274e-8,7.968458584558618e-8,7.966228721526269e-8,7.964170584076801e-8,7.962300031668557e-8,7.960587948274743e-8,7.959008692416215e-8,7.957554814143343e-8,7.956237989803274e-8,7.955070941898862e-8,7.954022783153576e-8,7.953071869111662e-8,7.952214764275706e-8,7.95146753049772e-8,7.950837731305639e-8,7.950294167327983e-8,7.949819067372004e-8,7.949412859609685e-8,7.949095382110558e-8,7.948867637688687e-8,7.948699449808828e-8,7.948576774092894e-8,7.948503736527244e-8,7.948503025370716e-8,7.948568377707606e-8,7.948671734091523e-8,7.948802617766273e-8,7.94896868077917e-8,7.949194247652083e-8,7.949465782822151e-8,7.949758140403759e-8,7.950064247875908e-8,7.950395237038194e-8,7.950775232480802e-8,7.951184445744452e-8,7.951601002818137e-8,7.952021074148222e-8,7.952459416792713e-8,7.952937355769768e-8,7.953431009260381e-8,7.95392164489568e-8,7.954404558978202e-8
0.0,-2.860840546865582e-28,-3.131314940274767e-16,-2.118189060062972e-9,1.007018022026946e-9,2.567879340918334e-12,-1.8669947513646297e-12,5.363715769410429e-14,-9.440389694475237e-16,1.8605902398690747e-16,5.948993416501257e-16,1.3414273729229743e-15,2.9910343171929817e-15,6.614724765518243e-15,1.4629318129271592e-14,3.2394972225799736e-14,7.134070896593982e-14,1.5465248806663013e-13,3.269913449460378e-13,6.689310690740173e-13,1.31108981095061e-12,2.438678895526975e-12,4.2261556079370865e-12,6.7016636889601374e-12,9.717799784488746e-12,1.3098906121446968e-11,1.6717627652827275e-11,2.0596641803990337e-11,2.5037530741379133e-11,3.0435195743459594e-11,3.710317194313199e-11,4.542285287196816e-11,5.5873585717109296e-11,6.922995954291301e-11,8.660037661351788e-11,1.0974344432434049e-10,1.3922529217260322e-10,1.7722134394924416e-10,2.2590845997815123e-10,2.8694124954905973e-10,3.623917964691852e-10,4.5104778038113153e-10,5.51030859891296e-10,6.628978184485017e-10,7.91396341382855e-10,9.401173915286825e-10,1.1070860625595753e-9,1.2908868391139436e-9,1.500166970176033e-9,1.752489789375921e-9,2.05529972874e-9,2.4021816503141903e-9,2.792063237904956e-9,3.229082231402879e-9,3.7001408147115464e-9,4.186266857810999e-9,4.686754862297741e-9,5.207856494150381e-9,5.739467370946068e-9,6.2784674650983095e-9,6.826325241061816e-9,7.386160363494879e-9,7.961349582574949e-9,8.55514229871496e-9,9.170546426543676e-9,9.810276168869218e-9,1.0476720965749538e-8,1.1171921199820401e-8,1.189754048935895e-8,1.2656457713173e-8,1.3462389101636001e-8,1.4306442329947098e-8,1.5187005430442924e-8,1.610383282668727e-8,1.7056348224599907e-8,1.8076799042606905e-8,1.9191003032220462e-8,2.0386094707460425e-8,2.1649774951141048e-8,2.296261081218713e-8,2.4321215277507018e-8,2.5722415498421745e-8,2.716255969637082e-8,2.86374941538082e-8,3.0142592752020365e-8,3.1672800532754333e-8,3.3222686329419363e-8,3.4786502234576304e-8,3.6358660805128056e-8,3.794027552240813e-8,3.9518484937137036e-8,4.108640581156537e-8,4.2637685339966503e-8,4.4166015504419146e-8,4.566507755068513e-8,4.712893993348856e-8,4.855245971531129e-8,4.9930747829814807e-8,5.125922393219172e-8,5.2533615832226e-8,5.3749942763560097e-8,5.4904559185468924e-8,5.5994173979660013e-8,5.7015879811663694e-8,5.796712340938986e-8,5.884590177044815e-8,5.965068180953926e-8,6.038039641472137e-8,6.103430826618919e-8,6.167925328045889e-8,6.227147714028067e-8,6.278461636369627e-8,6.321823613445857e-8,6.357291159372883e-8,6.384954557895228e-8,6.40492160236374e-8,6.417361877847772e-8,6.4224757449907e-8,6.420473985855251e-8,6.411576331206503e-8,6.396029695103777e-8,6.374129620097959e-8,6.34617575594421e-8,6.314213707064366e-8,6.277663260226492e-8,6.235612379335995e-8,6.188386050272832e-8,6.136342874879437e-8,6.079838636976214e-8,6.019226278034858e-8,5.9548802783542636e-8,5.887175273067102e-8,5.816471941569686e-8,5.743117733766821e-8,5.667447082694246e-8,5.5897910412843905e-8,5.510480899214519e-8,5.429829049118907e-8,5.348129718023323e-8,5.2656594481855844e-8,5.1826775904030055e-8,5.099439025173558e-8,5.017642470780962e-8,4.9364782385341786e-8,4.855756034075712e-8,4.7756317218817415e-8,4.6962567703226916e-8,4.617768722436249e-8,4.54029118555222e-8,4.463933542006293e-8,4.3887951496926506e-8,4.314960831317242e-8,4.242504773131448e-8,4.1714905259792925e-8,4.1019718827745883e-8,4.033992866060259e-8,3.9675884474549984e-8,3.902785384455953e-8,3.8396029151651615e-8,3.778053419314753e-8,3.718143045771808e-8,3.6598723058747634e-8,3.6032366319357645e-8,3.5482268999075116e-8,3.4948299150076016e-8,3.443027731669208e-8,3.392802497598438e-8,3.344130399790869e-8,3.298282642865082e-8,3.25441608315767e-8,3.21197109070074e-8,3.170904514915829e-8,3.13118626785769e-8,3.0927863816867196e-8,3.055674333132681e-8,3.0198190432821605e-8,2.98518891854736e-8,2.9517518687903348e-8,2.9194752941352807e-8,2.888325969716175e-8,2.8582698275129356e-8,2.8292765329461798e-8,2.8013169653029198e-8,2.7743620555775508e-8,2.7483826312177203e-8,2.723349237904526e-8,2.6992319412140355e-8,2.676000111237375e-8,2.653621688754448e-8,2.632069777809651e-8,2.6113212442060425e-8,2.5913519759158403e-8,2.5721384052739582e-8,2.553654575319625e-8,2.5358734963475698e-8,2.5187662589891686e-8,2.5023118732299145e-8,2.48649283166379e-8,2.4712901533347136e-8,2.4566830669069985e-8,2.4426487000271576e-8,2.4291612956852462e-8,2.4162013295532676e-8,2.403756279344372e-8,2.3918114906221945e-8,2.380349691238453e-8,2.3693506952103955e-8,2.3587910174428923e-8,2.3486571162303357e-8,2.3389400261699012e-8,2.3296276131426493e-8,2.3207042930214095e-8,2.3121504191235592e-8,2.303947343207193e-8,2.296089097444532e-8,2.2885680312431704e-8,2.2813725215039014e-8,2.2744867305166853e-8,2.267891057907582e-8,2.2615789211106254e-8,2.255546408966926e-8,2.249785156333155e-8,2.2442821458399475e-8,2.239019316849851e-8,2.2339885154570854e-8,2.229188691875627e-8,2.2246140417459458e-8,2.2202537160907042e-8,2.216091262526752e-8,2.2121180231630498e-8,2.2083349293711936e-8,2.2047380910720088e-8,2.2013182416179638e-8,2.198060173603197e-8,2.19495575414775e-8,2.192007390873748e-8,2.189212536839525e-8,2.186562995612951e-8,2.1840444067351257e-8,2.1816499731998652e-8,2.17938325222271e-8,2.17724255387846e-8,2.175220319944704e-8,2.1733027304022123e-8,2.1714849642804454e-8,2.1697714187397194e-8,2.168160859197758e-8,2.1666460116472282e-8,2.165213435143818e-8,2.1638607721523824e-8,2.1625929080385976e-8,2.1614087398585967e-8,2.1603009947195094e-8,2.159256623761974e-8,2.158276035379835e-8,2.1573642235233146e-8,2.156519961725706e-8,2.1557357335781533e-8,2.154999153238821e-8,2.154313391529991e-8,2.15368321387815e-8,2.153107073192268e-8,2.1525769349497814e-8,2.15208178109115e-8,2.1516270168479147e-8,2.1512169940262047e-8,2.1508496955822354e-8,2.1505163904196764e-8,2.1502081479998178e-8,2.1499319421789074e-8,2.149691581565556e-8,2.149484468380964e-8,2.1493011270450383e-8,2.1491352987339035e-8,2.1489948565574943e-8,2.1488829711585285e-8,2.1487963836083106e-8,2.1487249632146226e-8,2.148665502686054e-8,2.148626168705453e-8,2.1486094262848695e-8,2.1486112986030916e-8,2.148621221166557e-8,2.148639183275461e-8,2.1486731429120827e-8,2.1487248127792422e-8,2.1487894593745674e-8,2.148856424920643e-8,2.1489288029498148e-8,2.1490139625348997e-8,2.1491128332089264e-8,2.1492198545681688e-8,2.1493248539970083e-8,2.149433579202525e-8,2.1495526011660514e-8,2.14968204718258e-8,2.1498154026765488e-8,2.1499438458590374e-8,2.1500749286387452e-8,2.1502144024305765e-8,2.150363011756129e-8
0.0,1.0167331812209273e-28,-1.2418708212794492e-15,-5.885678374030117e-10,-7.072366030787617e-10,-1.8073670604170784e-12,1.3131407234014024e-12,-3.773740796336283e-14,7.553366090057829e-16,9.262646392797202e-17,1.0676985820833755e-16,2.5358242792213917e-16,5.790663008063023e-16,1.3123415574134583e-15,2.9767463160573126e-15,6.768254173189324e-15,1.5323379570518326e-14,3.418374072892417e-14,7.440516158233395e-14,1.5671415348403907e-13,3.16190950655149e-13,6.05602632442274e-13,1.0805120718388746e-12,1.7614479284616296e-12,2.616784381348422e-12,3.5989375709808585e-12,4.6688429819595e-12,5.8266471309685435e-12,7.151690774978581e-12,8.762241429693256e-12,1.0755532946509963e-11,1.3247095769044468e-11,1.6381537623035537e-11,2.0394156638078738e-11,2.560743591740519e-11,3.256871580365741e-11,4.1485396757008854e-11,5.2977931410742914e-11,6.777087432202838e-11,8.634905183174504e-11,1.0933689036419265e-10,1.3637394183837535e-10,1.6686583873284687e-10,2.0086327669093983e-10,2.397054145285773e-10,2.846130838981416e-10,3.3502566121879633e-10,3.9037466674138855e-10,4.529017110406663e-10,5.278566271268463e-10,6.178860620862532e-10,7.211306504821676e-10,8.369430455992593e-10,9.662607591438164e-10,1.1057565022386972e-9,1.2494990580011636e-9,1.396607168826572e-9,1.5491398818683048e-9,1.704108509343796e-9,1.8603795780281482e-9,2.0183194556337186e-9,2.1788348128146203e-9,2.3429195985818657e-9,2.511530831989246e-9,2.685548817592147e-9,2.865759867634343e-9,3.052842770165531e-9,3.2473616192737818e-9,3.4497674146396784e-9,3.660691248011085e-9,3.884112254852614e-9,4.117728092107627e-9,4.3608219847440834e-9,4.613269869371115e-9,4.874864431905971e-9,5.153230496333526e-9,5.457848078044737e-9,5.78369143575664e-9,6.1286452993062305e-9,6.486273997232199e-9,6.855474317364829e-9,7.235307252010294e-9,7.624713841283931e-9,8.022505049798023e-9,8.4273705665214e-9,8.83789168357837e-9,9.252556518386492e-9,9.669777020585144e-9,1.0087946516432805e-8,1.0507422696483592e-8,1.0924846023653594e-8,1.1338241130733903e-8,1.1745907246034687e-8,1.2146165912865747e-8,1.2537354338601254e-8,1.2918236809796075e-8,1.328725174373556e-8,1.3643071337250952e-8,1.3984546914703356e-8,1.4310582709695572e-8,1.4620167574843682e-8,1.491238746221954e-8,1.5186436856718204e-8,1.544163798801607e-8,1.5677820194892787e-8,1.5894232573722432e-8,1.60904714092074e-8,1.626628245665432e-8,1.642154147780138e-8,1.6572337555439012e-8,1.6711020600877887e-8,1.682868542247165e-8,1.692510598293111e-8,1.7000607791727372e-8,1.705548423132707e-8,1.7090154485754435e-8,1.710506817404665e-8,1.7100736079174192e-8,1.7077783676904427e-8,1.7036942163561252e-8,1.6978974833344555e-8,1.6904593697274188e-8,1.6814592343787867e-8,1.6713874148713753e-8,1.660224498776337e-8,1.6476702866887698e-8,1.6337995493143458e-8,1.6187077656866533e-8,1.6024954204654917e-8,1.5852649534298983e-8,1.567111249242821e-8,1.5481272373462414e-8,1.5284071950828586e-8,1.5080453167911545e-8,1.4871346329682482e-8,1.4657629535268016e-8,1.4440108086569995e-8,1.4219569266485217e-8,1.3996773651443641e-8,1.3772448658100632e-8,1.3547283388391754e-8,1.3321929209188771e-8,1.310047100526168e-8,1.2881447000712429e-8,1.266400595983834e-8,1.2448523874687213e-8,1.223538120763509e-8,1.202492447759775e-8,1.181746423895007e-8,1.1613321674767072e-8,1.1412724458610869e-8,1.1215847583382458e-8,1.1022868614896605e-8,1.083393664237532e-8,1.0649173026756506e-8,1.0468675641606445e-8,1.029252061186437e-8,1.0120763572701624e-8,9.95344130555547e-9,9.790573357862392e-9,9.632163625876942e-9,9.478201887270794e-9,9.328665274363244e-9,9.183519683711502e-9,9.042721070009668e-9,8.906303949799527e-9,8.774127487428731e-9,8.646116177785336e-9,8.525174663446405e-9,8.409853286794849e-9,8.298348230632764e-9,8.190522485523592e-9,8.086288538724144e-9,7.985559955913627e-9,7.888249396400189e-9,7.794269058928994e-9,7.703531402198186e-9,7.6159499357658e-9,7.531440052333675e-9,7.449920154120248e-9,7.371313082705298e-9,7.295529862081332e-9,7.2224793032527255e-9,7.152072658543205e-9,7.08422454989732e-9,7.01885393750274e-9,6.955885123221052e-9,6.8952487819236425e-9,6.8368848911595825e-9,6.7807183132511174e-9,6.7266639800629935e-9,6.674664605070222e-9,6.624645422484134e-9,6.576522784091653e-9,6.530242739276574e-9,6.485763228835983e-9,6.443016696944041e-9,6.401926606467388e-9,6.362426059273639e-9,6.324458993144223e-9,6.2879813513444916e-9,6.2529640421766365e-9,6.2193582946385645e-9,6.187092526556542e-9,6.156106901985783e-9,6.126355154148603e-9,6.097805688937274e-9,6.070443025932578e-9,6.0442171631256655e-9,6.0190638472360675e-9,5.994934066397318e-9,5.97179510180394e-9,5.949632848156739e-9,5.928432368549712e-9,5.908132940030876e-9,5.888682985171408e-9,5.870048826074969e-9,5.8522155927887405e-9,5.8351854570508406e-9,5.818912960829877e-9,5.803344669288192e-9,5.788446552205e-9,5.7742047310167526e-9,5.7606269672691436e-9,5.747684905276945e-9,5.73532474256264e-9,5.723512946221151e-9,5.712237359696559e-9,5.701509347675061e-9,5.691311928621237e-9,5.6815927105767756e-9,5.67231958173012e-9,5.663482846917582e-9,5.65509739998956e-9,5.647152254333564e-9,5.639597011198542e-9,5.632401858131913e-9,5.625560252103308e-9,5.619090903769367e-9,5.612984476910766e-9,5.60719267506334e-9,5.6016887461378e-9,5.596469883524954e-9,5.591558743013077e-9,5.586944128045356e-9,5.582580069406587e-9,5.5784434862421e-9,5.574535760516205e-9,5.570883221150488e-9,5.567470043510475e-9,5.564253125564965e-9,5.561213512048101e-9,5.558357091079874e-9,5.555713049461106e-9,5.5532590137142716e-9,5.550955522635227e-9,5.548788054510861e-9,5.546767287628934e-9,5.544923558629302e-9,5.543227323879137e-9,5.541643474452696e-9,5.540162103123197e-9,5.5387991750723064e-9,5.5375828711259214e-9,5.536477990797597e-9,5.535453982171131e-9,5.5345056295251515e-9,5.533654387376019e-9,5.532922992964191e-9,5.532272717542475e-9,5.5316776253838934e-9,5.531137188080404e-9,5.530678110587339e-9,5.530314992451045e-9,5.530007785071717e-9,5.529735152349832e-9,5.529501189307363e-9,5.5293371347456465e-9,5.5292476098197975e-9,5.529193261663329e-9,5.529157283054647e-9,5.529148286803865e-9,5.529200864205525e-9,5.529308781939363e-9,5.5294350425607495e-9,5.529567259886142e-9,5.529718432858266e-9,5.5299249025336614e-9,5.530169673719921e-9,5.5304193289600434e-9,5.5306657728265314e-9,5.530926419793357e-9,5.531236868875327e-9,5.531570887433047e-9,5.531899231470694e-9,5.532217954680928e-9,5.532549172812782e-9,5.532924165643263e-9,5.533310578894732e-9,5.533683235213558e-9,5.5340366212224024e-9
0.0,-8.69122944492879e-30,8.761640297837233e-16,8.519022659921226e-10,4.67670337574102e-10,1.1945185323776736e-12,-8.676999093369686e-13,2.4932342355198846e-14,-4.830042001043923e-16,-2.0979470275375273e-17,2.614893403396313e-17,5.783274856224876e-17,1.340612209265819e-16,3.085185661367808e-16,7.107928321647291e-16,1.6428018302122666e-15,3.784658832438231e-15,8.599615950628248e-15,1.9075252278410195e-14,4.09571086591848e-14,8.425300535474712e-14,1.6451058075995272e-13,2.9925113642549543e-13,4.970113974821894e-13,7.504532207933637e-13,1.0458155082269278e-12,1.3708749825390891e-12,1.7243028384646724e-12,2.1278665534240337e-12,2.6180148895872126e-12,3.225542273299691e-12,3.985966454921005e-12,4.943294435547994e-12,6.168885319819702e-12,7.76029211675239e-12,9.88799117675242e-12,1.2626340937095113e-11,1.61535217426621e-11,2.0708460327396366e-11,2.6436878277283406e-11,3.352691871222486e-11,4.1868498227061704e-11,5.1273481769561454e-11,6.172432036684211e-11,7.360060197416731e-11,8.730312186397994e-11,1.0268050740502535e-10,1.1952139338538713e-10,1.3840392484280037e-10,1.6090687373849746e-10,1.8794384752834877e-10,2.1897748421823157e-10,2.53718258142378e-10,2.9237901523727824e-10,3.341279850146849e-10,3.771047218265969e-10,4.208551376732499e-10,4.660224798468056e-10,5.117426342476069e-10,5.576088520867679e-10,6.037009926163402e-10,6.502859029660732e-10,6.976609788694006e-10,7.461084695754521e-10,7.958834885579036e-10,8.472097263235964e-10,9.002782327490545e-10,9.552463606305853e-10,1.0122350654933757e-9,1.071383308676221e-9,1.1338164678190828e-9,1.1989638349279873e-9,1.266533095213388e-9,1.3364683198087689e-9,1.4086940355513789e-9,1.4850296217036477e-9,1.5686540589463167e-9,1.6578390927653322e-9,1.7523181342703153e-9,1.8500150725505415e-9,1.9505534905972402e-9,2.0536515873274846e-9,2.158998685880406e-9,2.2662512140357633e-9,2.3750354168465947e-9,2.4849512494741085e-9,2.5955768834926916e-9,2.7064739017903452e-9,2.8172447451002154e-9,2.927922206574969e-9,3.037669931030462e-9,3.1459138663463896e-9,3.252204099452862e-9,3.356123935660054e-9,3.4572544776317082e-9,3.5552352566003516e-9,3.6496776032185414e-9,3.740232398307023e-9,3.82661210231755e-9,3.9085602409182195e-9,3.985843926652897e-9,4.0582563348212784e-9,4.125616629498775e-9,4.187770645540894e-9,4.24468367891896e-9,4.2961805886682945e-9,4.342198382138606e-9,4.382721694243012e-9,4.417754244168044e-9,4.4511398502197186e-9,4.481780629320468e-9,4.506868393659459e-9,4.526370946533983e-9,4.540404374400029e-9,4.5490586628585396e-9,4.552426230920145e-9,4.550672159907807e-9,4.543981109680498e-9,4.532534113964853e-9,4.516508276907169e-9,4.496099397874387e-9,4.4715477559760905e-9,4.443086925474622e-9,4.411862389781931e-9,4.378081742889238e-9,4.340836654334509e-9,4.300341858068592e-9,4.256854631999576e-9,4.210624011093394e-9,4.161892101452954e-9,4.110923450367461e-9,4.057981716144896e-9,4.003314674064165e-9,3.947156176859931e-9,3.889727361358921e-9,3.831248738042546e-9,3.77194540081843e-9,3.7120257163345034e-9,3.6516828272114843e-9,3.5910957454538667e-9,3.530430352385288e-9,3.4698409600073663e-9,3.4102942409428507e-9,3.3515934793010735e-9,3.2934323574229577e-9,3.2358992142440933e-9,3.179086187092818e-9,3.123076149460476e-9,3.0679425977018913e-9,3.013760541831686e-9,2.9605858913030106e-9,2.908456996454589e-9,2.857414908340668e-9,2.8074939573065796e-9,2.7587224328501203e-9,2.711122190859944e-9,2.66470916114528e-9,2.619494008366688e-9,2.5754826231339904e-9,2.5326765804734398e-9,2.4910735679511648e-9,2.4506677843171663e-9,2.4114503091326427e-9,2.373409443036046e-9,2.3365309993298256e-9,2.30081921323719e-9,2.2662385367088443e-9,2.232764335077267e-9,2.201054925994045e-9,2.170908386885703e-9,2.1417784390914965e-9,2.1136227885716553e-9,2.0864178756505454e-9,2.0601408356505395e-9,2.0347686407947693e-9,2.0102780021995783e-9,1.9866453070476513e-9,1.9638465264608565e-9,1.94185708579006e-9,1.9206515971607266e-9,1.900203450730705e-9,1.8804912402478028e-9,1.8614951858071866e-9,1.8431954299040033e-9,1.8255717535494457e-9,1.8086032605501202e-9,1.7922680334997033e-9,1.7765427655270236e-9,1.7614016370229592e-9,1.7468259001383408e-9,1.7328019039918841e-9,1.7193196413522119e-9,1.7063634962573896e-9,1.6939089943683454e-9,1.6819350065420804e-9,1.6704170470660536e-9,1.6593418670770533e-9,1.6487009587803743e-9,1.6384831843406183e-9,1.6286742654856572e-9,1.6192562812075261e-9,1.610206452940293e-9,1.601510866268248e-9,1.593165727389085e-9,1.5851636231359794e-9,1.5774927515941885e-9,1.5701364377093503e-9,1.5630725146738625e-9,1.5562934865191225e-9,1.5497984557299914e-9,1.543581331650793e-9,1.5376303655389992e-9,1.5319271790016254e-9,1.5264545037503916e-9,1.5212141626622571e-9,1.516205086867574e-9,1.5114197732751697e-9,1.506843880064281e-9,1.5024568972256377e-9,1.4982580698428727e-9,1.49425049701145e-9,1.4904301181046537e-9,1.4867853766318542e-9,1.483296588058166e-9,1.4799591338273552e-9,1.4767791773416084e-9,1.4737552668375e-9,1.4708778589036815e-9,1.468128425577421e-9,1.465500316011958e-9,1.4630016040734122e-9,1.460632651045533e-9,1.4583852186352196e-9,1.4562415682969469e-9,1.4541947891557126e-9,1.4522542553741816e-9,1.4504214260852795e-9,1.448688741259548e-9,1.4470388000977955e-9,1.4454658554931953e-9,1.4439802196030844e-9,1.4425838362002476e-9,1.4412692930259901e-9,1.4400191918814873e-9,1.4388300924591292e-9,1.4377128848611961e-9,1.4366694916103668e-9,1.4356922163434326e-9,1.4347635339997739e-9,1.4338831987945164e-9,1.4330622324578911e-9,1.4323021328720833e-9,1.4315945799081546e-9,1.4309220484642011e-9,1.4302880685773582e-9,1.4297032867363667e-9,1.4291684647253471e-9,1.428674363995054e-9,1.4282039777637596e-9,1.427764696562542e-9,1.4273663380843922e-9,1.4270086952168145e-9,1.4266812563806693e-9,1.4263687231988278e-9,1.4260815911742126e-9,1.4258286242576937e-9,1.4256084784832507e-9,1.4254091554505764e-9,1.4252182693769877e-9,1.4250484353554316e-9,1.4249072175676667e-9,1.42479201928393e-9,1.424689338478944e-9,1.4245906835311952e-9,1.4245097878102283e-9,1.4244529173474836e-9,1.4244161471796778e-9,1.4243846638666823e-9,1.4243545208279727e-9,1.424339660726094e-9,1.4243449895305704e-9,1.4243652094280318e-9,1.4243845893465072e-9,1.4244040007129648e-9,1.4244368431322138e-9,1.424486628158288e-9,1.4245466631034289e-9,1.4246008752348218e-9,1.4246548457223607e-9,1.42472086600291e-9,1.4248010388531486e-9,1.4248872000061947e-9,1.424963881004938e-9,1.4250406945252047e-9,1.4251285239950105e-9,1.425228063185455e-9,1.4253295049964492e-9,1.42541937930909e-9,1.4255100164896753e-9,1.4256108842316294e-9,1.4257235317351597e-9
0.0,1.7385500514873584e-30,-3.644097974159402e-16,-4.5009006049552684e-10,-2.0720676320153162e-10,-5.324268271727697e-13,3.8610515208336487e-13,-1.1122559649549072e-14,2.1875529664871812e-16,1.6695940455182772e-17,6.068818853160693e-18,1.6149497378607177e-17,3.775124151189395e-17,8.758722056723983e-17,2.0340095004250347e-16,4.7395114480686075e-16,1.1013070845566401e-15,2.5252160132660762e-15,5.652487077984603e-15,1.2246119659530738e-14,2.5411795507946238e-14,4.990344444640649e-14,9.114597672869654e-14,1.5186267915709432e-13,2.296880313349209e-13,3.2009423822397814e-13,4.191119628349673e-13,5.260916471460904e-13,6.473150469388168e-13,7.940547809679293e-13,9.758756391602365e-13,1.2034760110416426e-12,1.4902228974441819e-12,1.857777477162471e-12,2.3342506423887764e-12,2.971371696959545e-12,3.794386962050955e-12,4.853408519474125e-12,6.2238433754650195e-12,7.948759232570696e-12,1.007580563491639e-11,1.2567947525639608e-11,1.5365733398256213e-11,1.8453397371984764e-11,2.1933690101678307e-11,2.5930148579646523e-11,3.040135095367601e-11,3.527364114843968e-11,4.068892949399445e-11,4.7099165731418766e-11,5.4795004731797426e-11,6.362660457274696e-11,7.348216507463753e-11,8.440243011913384e-11,9.618168632902368e-11,1.0826668187563796e-10,1.2047639958838076e-10,1.330015934372855e-10,1.4560639316195305e-10,1.581618118360371e-10,1.7069013061925358e-10,1.832692413850758e-10,1.959861297581833e-10,2.0892364853757243e-10,2.2215643718184058e-10,2.3574945510692384e-10,2.4975683495182163e-10,2.642215426310561e-10,2.791763094342762e-10,2.9465230602340134e-10,3.10946750593858e-10,3.279352880600367e-10,3.4551845135917555e-10,3.636782252112033e-10,3.823924698679904e-10,4.020651061048947e-10,4.2365613977761056e-10,4.466569821802176e-10,4.710558291304752e-10,4.96248170793048e-10,5.22120042610716e-10,5.485941157898417e-10,5.755865617287377e-10,6.030055087914835e-10,6.307517620618551e-10,6.5871985809898e-10,6.867992662745451e-10,7.148758030461157e-10,7.428432668259395e-10,7.707098261298004e-10,7.982733991339e-10,8.253774307893265e-10,8.519076049834664e-10,8.777581489977283e-10,9.028261067579363e-10,9.270189134776861e-10,9.502449693696365e-10,9.724190082312723e-10,9.934739566004175e-10,1.013345945148609e-9,1.031977725712931e-9,1.049319416876747e-9,1.0653293473189359e-9,1.0799752783045613e-9,1.093257646502934e-9,1.1051483790976108e-9,1.1156276867614912e-9,1.1246900621189286e-9,1.1323400242780687e-9,1.1394580184514614e-9,1.1459987382913523e-9,1.1511467780013726e-9,1.154877461902834e-9,1.1572212256157409e-9,1.158213462051895e-9,1.157893738499055e-9,1.1562996469793179e-9,1.1534717947434164e-9,1.1494601359370097e-9,1.1443230897489455e-9,1.1381193837948351e-9,1.130898959159809e-9,1.1227183906431376e-9,1.1138412293139265e-9,1.104396833231024e-9,1.0941258515053285e-9,1.0830689644332464e-9,1.0712904957989636e-9,1.0588592749446554e-9,1.0458456155905851e-9,1.0323110014782419e-9,1.0183146855224966e-9,1.0039177030667426e-9,9.891815632430884e-10,9.741672999466116e-10,9.58931145574679e-10,9.435224101099255e-10,9.27989847869849e-10,9.123808585183509e-10,8.967409051012376e-10,8.811130446683447e-10,8.655375354063346e-10,8.502315245392671e-10,8.351828184205542e-10,8.202949172654465e-10,8.055872331453569e-10,7.910817881613933e-10,7.767985859135548e-10,7.627553636461338e-10,7.489698315518206e-10,7.35455876581841e-10,7.222218812053901e-10,7.092770754847541e-10,6.96628915634458e-10,6.84283060775452e-10,6.722437789807824e-10,6.605140583173112e-10,6.490956606991914e-10,6.379892221282688e-10,6.271943534155482e-10,6.167097395875615e-10,6.065332369147514e-10,5.966619668748003e-10,5.870924068483597e-10,5.778204764384149e-10,5.688462737845683e-10,5.601615536134948e-10,5.517595846309758e-10,5.437826065057438e-10,5.362187957084155e-10,5.289154740387131e-10,5.218599573358943e-10,5.150456580563687e-10,5.084662014993912e-10,5.021152102774091e-10,4.959863425798774e-10,4.900733602163035e-10,4.843702077109407e-10,4.788710999781325e-10,4.735706516877494e-10,4.6846404984824e-10,4.635449159289624e-10,4.588065306144273e-10,4.5424242881075653e-10,4.498465139733976e-10,4.456131806333163e-10,4.415374442336201e-10,4.3761507718545643e-10,4.3384299950753693e-10,4.302160291986002e-10,4.26727548059683e-10,4.233726278532249e-10,4.2014673847061625e-10,4.170441709038127e-10,4.1406199621772475e-10,4.111987890620685e-10,4.084495842464855e-10,4.0580808011927794e-10,4.0326915045672946e-10,4.0082901735483794e-10,3.9848542123364683e-10,3.962380347302872e-10,3.940837579737424e-10,3.920162739111243e-10,3.9003074754922305e-10,3.881240872405086e-10,3.862951083945165e-10,3.8454474318966026e-10,3.828691090331091e-10,3.8126226711200525e-10,3.7972026735518e-10,3.782413060601067e-10,3.768260578569367e-10,3.7547500888280266e-10,3.7418225782275866e-10,3.7294307242994147e-10,3.717551066317415e-10,3.7061853805252073e-10,3.69535834743465e-10,3.6850281260745695e-10,3.675141064773526e-10,3.6656696401056675e-10,3.65661360247326e-10,3.648002142093209e-10,3.6398137928401874e-10,3.631991127020615e-10,3.6245042210665287e-10,3.617352289904307e-10,3.6105667593780497e-10,3.6041391598702206e-10,3.5980112113640256e-10,3.592152311508897e-10,3.5865625917612916e-10,3.581276021381181e-10,3.5762900956241264e-10,3.5715469025449495e-10,3.567016771419667e-10,3.562702083196174e-10,3.5586401042155065e-10,3.55482859771259e-10,3.551210528938336e-10,3.547758558444752e-10,3.5444784524814996e-10,3.5414112552356296e-10,3.5385503871379235e-10,3.535840312418813e-10,3.533257168431085e-10,3.5308110136809394e-10,3.528546546449689e-10,3.526449215814377e-10,3.5244660045894075e-10,3.522577413309088e-10,3.520798472366321e-10,3.519176610677845e-10,3.517686821859595e-10,3.5162799179680927e-10,3.514941408652499e-10,3.5136918950830446e-10,3.51257932872861e-10,3.511567554153309e-10,3.5106124052257923e-10,3.5097048379027324e-10,3.508871892544749e-10,3.508157566475915e-10,3.5075168320340643e-10,3.5069110000053146e-10,3.506336737809088e-10,3.5058279567196884e-10,3.5054202231125075e-10,3.5050627606642277e-10,3.504722583876931e-10,3.504402200420308e-10,3.504142184366562e-10,3.503966007691127e-10,3.5038203660233694e-10,3.5036780773671826e-10,3.5035475155476527e-10,3.503475021214571e-10,3.5034694908623446e-10,3.503478027739146e-10,3.50347925935843e-10,3.5034873766629773e-10,3.5035529232424587e-10,3.5036690804249904e-10,3.503785781580018e-10,3.503887402485298e-10,3.503993851627994e-10,3.5041577076463174e-10,3.504356645859274e-10,3.504545228824309e-10,3.5047134747678945e-10,3.504887123988918e-10,3.5051173638963886e-10,3.5053685724443963e-10,3.505600843233734e-10,3.5058097038997903e-10,3.506027189937022e-10,3.5062981392177463e-10,3.5065780647065816e-10,3.506832499948889e-10,3.507054518731436e-10
0.0,-1.0360720274500801e-31,6.29774869401321e-17,9.168155803764624e-11,3.899835182463865e-11,1.0222280348681954e-13,-7.37753377982616e-14,2.1451010817610033e-15,-4.210060339631795e-17,-2.2267706347136074e-18,1.4124213351050875e-18,3.0748554281326194e-18,7.33119800899978e-18,1.736327587917712e-17,4.119006849190907e-17,9.81497412807234e-17,2.334906498848248e-16,5.486114342418664e-16,1.2588980741255932e-15,2.796016883600567e-15,5.946872287327667e-15,1.1976684973988289e-14,2.2418618163467344e-14,3.8205512354952605e-14,5.890363208214242e-14,8.334578747952508e-14,1.1040687982024615e-13,1.3979155970144982e-13,1.7302986148382981e-13,2.131827125860811e-13,2.629303631330304e-13,3.252117794579602e-13,4.0365632267942433e-13,5.040813353348835e-13,6.342745205766172e-13,8.08457197895962e-13,1.0342865266401106e-12,1.324848142115486e-12,1.7017146805279193e-12,2.1768964141085255e-12,2.7618097259543824e-12,3.4453465005300298e-12,4.2107104199767314e-12,5.051383203432372e-12,5.99315913232598e-12,7.070561921764692e-12,8.273249369749762e-12,9.579071915471528e-12,1.1020594271103297e-11,1.2717835551119471e-11,1.4754127339019588e-11,1.709110575826848e-11,1.9693629691317292e-11,2.2565567942930735e-11,2.5655173537989204e-11,2.8813746847171774e-11,3.198401964531131e-11,3.521607646817356e-11,3.84514494336163e-11,4.165327557133178e-11,4.4827008850273763e-11,4.7994609678918716e-11,5.1180666893434155e-11,5.440819606170397e-11,5.769761714202227e-11,6.106648191505638e-11,6.45294918185577e-11,6.809852727282857e-11,7.178252881066817e-11,7.558904877309468e-11,7.959105802178185e-11,8.376460710042099e-11,8.808053082602356e-11,9.253405644727051e-11,9.711965412134182e-11,1.0192611080658071e-10,1.0720912363454612e-10,1.1283684553158587e-10,1.1881868229942696e-10,1.249932882026626e-10,1.313296804568314e-10,1.3780836413561895e-10,1.4440837954634315e-10,1.511068155000812e-10,1.5787898456342677e-10,1.64698687273646e-10,1.7153851508980965e-10,1.7837016004337907e-10,1.851676726121821e-10,1.919301817657169e-10,1.9861323461372106e-10,2.0517567564342826e-10,2.1158940736256553e-10,2.1782838728106314e-10,2.2386779541566733e-10,2.2968425480239158e-10,2.352558059077015e-10,2.4056074626728036e-10,2.455824389249428e-10,2.503064621228516e-10,2.5471996309225565e-10,2.5881179572147395e-10,2.6257248677844567e-10,2.65994231471084e-10,2.6907592225191535e-10,2.718101654849037e-10,2.7419421248422847e-10,2.762291633697901e-10,2.779172431730203e-10,2.7945264352416937e-10,2.808628013788929e-10,2.819313040700487e-10,2.826534548212887e-10,2.830378220649573e-10,2.830924097148412e-10,2.828242324320191e-10,2.8224522396163714e-10,2.8136843840177566e-10,2.8020650662814213e-10,2.787716312092916e-10,2.770770853854231e-10,2.7513890246538876e-10,2.729725076851444e-10,2.706353602778509e-10,2.681679621320829e-10,2.655039875112881e-10,2.626550553611064e-10,2.596373955362127e-10,2.56466648845745e-10,2.5315789884672885e-10,2.4972759745242737e-10,2.461920530625559e-10,2.425664639622284e-10,2.3886505781699885e-10,2.3510118028537956e-10,2.3128809830636868e-10,2.2743935673714902e-10,2.2356739372728493e-10,2.196836478839457e-10,2.1579863777624001e-10,2.1192203470869506e-10,2.080627446640687e-10,2.0426918985025184e-10,2.005464796910717e-10,1.968683990279656e-10,1.9323926934448372e-10,1.8966416933372074e-10,1.861476325691499e-10,1.8269362560622626e-10,1.7930605086791885e-10,1.759881073112917e-10,1.7274153182719364e-10,1.6956834960590534e-10,1.6647020009113722e-10,1.6344837420684591e-10,1.6050378545198953e-10,1.5763700149627836e-10,1.548482861596322e-10,1.5213762984845616e-10,1.4950477774780422e-10,1.4694925594805022e-10,1.4447039558614214e-10,1.4206735505145315e-10,1.3973914024747884e-10,1.3748462295997522e-10,1.3530358050338408e-10,1.3319401983065256e-10,1.311540401107698e-10,1.2921371057876718e-10,1.273769217689451e-10,1.2560445456950849e-10,1.2389284992776185e-10,1.2224050167261872e-10,1.2064588174742666e-10,1.1910746410385056e-10,1.1762371543300988e-10,1.1619308904217583e-10,1.1481401672053468e-10,1.1348489794749483e-10,1.1220407928510449e-10,1.1096982364489005e-10,1.0978076790572147e-10,1.0863566851010982e-10,1.0753327911591343e-10,1.064723292052019e-10,1.0545150032697661e-10,1.0446940022362317e-10,1.035245351304189e-10,1.0261522756745152e-10,1.0174030695451862e-10,1.008989692539004e-10,1.0009053164853897e-10,9.931417801356542e-11,9.856833454609593e-11,9.785164125233753e-11,9.716249400552152e-11,9.65001001684256e-11,9.586400923759747e-11,9.525357707163849e-11,9.466792755574977e-11,9.410591480531586e-11,9.356603332832887e-11,9.304741939590462e-11,9.254994524589179e-11,9.207321615819703e-11,9.161651301770765e-11,9.117875567028547e-11,9.075845647801896e-11,9.035519820094611e-11,8.996904470241708e-11,8.959967631775048e-11,8.924635455157055e-11,8.89078495743996e-11,8.858300833903844e-11,8.827207786874838e-11,8.797509038823019e-11,8.769160189251719e-11,8.742066131563109e-11,8.716085901683608e-11,8.691223725138054e-11,8.667512024686403e-11,8.644930210759223e-11,8.623402106194132e-11,8.602791194433484e-11,8.58307182050964e-11,8.56429772406075e-11,8.546466220726853e-11,8.529514598882901e-11,8.513313444237105e-11,8.497820830346612e-11,8.483103496792255e-11,8.469170990064027e-11,8.455969034056853e-11,8.443372801048495e-11,8.431337326220198e-11,8.419937999146145e-11,8.409191476331003e-11,8.399047450051355e-11,8.389382510336813e-11,8.380159339405334e-11,8.371459429224913e-11,8.363302146044637e-11,8.355637366214905e-11,8.348340765420738e-11,8.34139128646328e-11,8.334873969625164e-11,8.328807259430227e-11,8.323138138556136e-11,8.317740539607841e-11,8.312616381661325e-11,8.307851040580406e-11,8.303459147952754e-11,8.299382379961775e-11,8.295493981770069e-11,8.291823279358418e-11,8.288452306299841e-11,8.285389657252408e-11,8.282569608108246e-11,8.279868664753419e-11,8.277344289867643e-11,8.275071879766346e-11,8.273052340602629e-11,8.271209996968735e-11,8.269433539625718e-11,8.26780304412328e-11,8.266385662007364e-11,8.26517343164891e-11,8.264079210358689e-11,8.263012894778219e-11,8.262069925821674e-11,8.261308182017485e-11,8.26071003355078e-11,8.260176808715971e-11,8.259646968876109e-11,8.259223941249816e-11,8.258955651282184e-11,8.258814294268045e-11,8.258691152746117e-11,8.258558146090461e-11,8.258519984811469e-11,8.25861422698347e-11,8.258802609481147e-11,8.258969342877449e-11,8.259121881674613e-11,8.259360672991752e-11,8.259712693205154e-11,8.260129099552859e-11,8.26049135139038e-11,8.260841675584833e-11,8.261272094605442e-11,8.261798932833942e-11,8.262362235525279e-11,8.262847773197654e-11,8.263327542226787e-11,8.263882945082383e-11,8.26451968461158e-11,8.265165454927712e-11,8.26572072225466e-11,8.266277523970455e-11,8.266906612951075e-11,8.267619914340214e-11
0.0,2.96199271978127e-35,-5.2677014857941796e-20,-9.433128320098701e-14,-3.60214514884298e-14,-8.747892599299744e-17,6.439667304632735e-17,-1.8065755407628674e-18,3.4736849836743885e-20,2.4838874426797483e-21,7.101613262354336e-22,1.9187624348755903e-21,4.41068653698944e-21,9.98967086489244e-21,2.2541631561379764e-20,5.0842101093175435e-20,1.1398141256620154e-19,2.5140328043768883e-19,5.397820013049359e-19,1.787416362584847e-18,5.770653593347105e-18,1.7134299644977072e-17,4.31476650227713e-17,8.922776355535977e-17,1.535005384768342e-16,2.2638707676528493e-16,2.9552084922853053e-16,3.5138259923949054e-16,3.904732252200779e-16,4.1242383233031238e-16,4.1291392637283967e-16,3.840593930373019e-16,3.142445412361204e-16,1.8732196916530822e-16,1.2070896545844684e-16,1.6612432921312748e-16,2.2920786888339324e-16,3.15430040273517e-16,4.335464217608996e-16,5.905753337939778e-16,7.889899582585823e-16,1.0266621968272154e-15,1.3015329279953243e-15,1.6162408827557428e-15,1.9821058682969224e-15,2.4193290239839124e-15,2.9303973098701816e-15,3.507702574220301e-15,4.1638955644481986e-15,4.9485432324117915e-15,5.90389597797096e-15,7.0244201929190494e-15,8.300800622312135e-15,9.747058686751547e-15,1.134315022572044e-14,1.302613378911792e-14,1.4770271968605732e-14,1.6618902902036875e-14,1.852868582972632e-14,2.0469256754595717e-14,2.2436244218521742e-14,2.443350488155117e-14,2.646695302699609e-14,2.854305940465142e-14,3.066798676349735e-14,3.28471489182077e-14,3.50844246581394e-14,3.7381753839104176e-14,3.9739939293799696e-14,4.2158911381655274e-14,4.467380636745505e-14,4.7272527809266644e-14,4.9932869631181945e-14,5.264791222656634e-14,5.5410332850329797e-14,5.825764552383855e-14,6.134183699640933e-14,6.458204595947454e-14,6.798406634339176e-14,7.144733216063532e-14,7.494740928481136e-14,7.846824095065336e-14,8.199334950203026e-14,8.550559172318874e-14,8.898736202240157e-14,9.242084445858833e-14,9.578827615841163e-14,9.907221735905002e-14,1.0225707736846683e-13,1.0534172324939461e-13,1.0830411020711829e-13,1.111223241619504e-13,1.1378359395093875e-13,1.1627696979325888e-13,1.1859336238205123e-13,1.2072506421995417e-13,1.2266672531737684e-13,1.2441357801968088e-13,1.2596419913502528e-13,1.2731729671183374e-13,1.2847278974038418e-13,1.2943184011326455e-13,1.3019704501851088e-13,1.3077276111995624e-13,1.3116777393819096e-13,1.313889927634065e-13,1.3144013808545694e-13,1.3132661729395952e-13,1.3105576427595615e-13,1.3071702625725816e-13,1.3034991420448655e-13,1.2985018335874963e-13,1.29215852838165e-13,1.2845490233220353e-13,1.2757821626408141e-13,1.2659800268081476e-13,1.2552020359689974e-13,1.2434991607882918e-13,1.2309556290749047e-13,1.2176873424452902e-13,1.2037940692498564e-13,1.1893039302300478e-13,1.174271511492326e-13,1.1589395784633374e-13,1.1435699288835749e-13,1.1278409586316529e-13,1.1117493048587237e-13,1.0953482499448533e-13,1.0787127050241796e-13,1.0619263292605301e-13,1.0450196923635168e-13,1.0280145348770358e-13,1.01095066138392e-13,9.938791683185491e-14,9.76857663712642e-14,9.599253320567017e-14,9.430923863279788e-14,9.263795476136279e-14,9.098136776230712e-14,8.934246386798273e-14,8.77242749552513e-14,8.612964274451927e-14,8.457477015628345e-14,8.306211557469261e-14,8.157770837385652e-14,8.012170837228002e-14,7.869500124829223e-14,7.729843524162612e-14,7.593274061972771e-14,7.459866971504589e-14,7.329680908933404e-14,7.202710509187748e-14,7.078968160724477e-14,6.958454216669679e-14,6.841152522546926e-14,6.727044428275381e-14,6.616108680251874e-14,6.508319009158346e-14,6.403644104541448e-14,6.302047826021526e-14,6.203489569667082e-14,6.10792474162847e-14,6.015305307043229e-14,5.925580401310871e-14,5.838697002343849e-14,5.754640877056131e-14,5.673338665778107e-14,5.594715263175766e-14,5.519908422692793e-14,5.4493766971506685e-14,5.38133252725816e-14,5.3156087946737476e-14,5.2521342990102047e-14,5.190841742854603e-14,5.1316650462786064e-14,5.074540441459042e-14,5.019408120608618e-14,4.966214178648336e-14,4.9149128071787185e-14,4.86546983972283e-14,4.8178676578788926e-14,4.7720343501850796e-14,4.7278854694707036e-14,4.6853434563143633e-14,4.644340820089504e-14,4.604823491981817e-14,4.566754323692226e-14,4.530116701608343e-14,4.49492602712552e-14,4.461128466314713e-14,4.4286235753863314e-14,4.3973381149537147e-14,4.3672260596626637e-14,4.33823901282338e-14,4.310379368302451e-14,4.2836905575594504e-14,4.2581066514354984e-14,4.2335202524056946e-14,4.209857414332452e-14,4.187081942794952e-14,4.1651995871590716e-14,4.1442693329166456e-14,4.1242662430750085e-14,4.1050703139475504e-14,4.0866034170721227e-14,4.068836031523213e-14,4.0517911426136335e-14,4.035549499561554e-14,4.020051991487404e-14,4.0051799374759425e-14,3.990870206737645e-14,3.977118890277043e-14,3.963989914912037e-14,3.951539567570429e-14,3.939643255502923e-14,3.928208576955996e-14,3.9172088489526387e-14,3.906686258215598e-14,3.896744798951736e-14,3.8873020744589616e-14,3.878242347826031e-14,3.8695215633771613e-14,3.8611698994221906e-14,3.853297200698679e-14,3.845872348417847e-14,3.8387646595001924e-14,3.8319185414311877e-14,3.825357454095383e-14,3.819191854317002e-14,3.813421824538192e-14,3.807910691032054e-14,3.802596976024445e-14,3.797502311598072e-14,3.7927395036982397e-14,3.788321076746017e-14,3.7841083350573175e-14,3.7800389973356204e-14,3.776137204934642e-14,3.772520894103209e-14,3.769200098681548e-14,3.76603595705518e-14,3.762969701929618e-14,3.760031617226988e-14,3.757346667945595e-14,3.754910468309713e-14,3.752586040445946e-14,3.750321629700325e-14,3.7481565569406804e-14,3.7462229771167407e-14,3.744492795290513e-14,3.742833958619693e-14,3.741204437093058e-14,3.739654785385559e-14,3.7383222817177637e-14,3.7371488643587884e-14,3.736011167863619e-14,3.734878893484714e-14,3.733815748678916e-14,3.732958561187313e-14,3.732217790990238e-14,3.7314821599964505e-14,3.730734506740524e-14,3.7300542885906656e-14,3.729566177527011e-14,3.7291555468170244e-14,3.728724596603149e-14,3.7282702183132986e-14,3.7278890073113154e-14,3.727681744837417e-14,3.727517308611351e-14,3.727312139504961e-14,3.727077709309194e-14,3.7269273952193944e-14,3.726928497203511e-14,3.726942197520472e-14,3.726899587347492e-14,3.7268269515030275e-14,3.7268522247423796e-14,3.7270027644819924e-14,3.727140060976437e-14,3.7272100025864486e-14,3.7272537018113823e-14,3.727409616192255e-14,3.727662256235541e-14,3.727880028124623e-14,3.728023572851496e-14,3.7281486937693743e-14,3.7283986955162505e-14,3.728715920026374e-14,3.7289806136169946e-14,3.729167994597568e-14,3.729348978738542e-14,3.729662646256864e-14,3.730015184793561e-14,3.730301190315144e-14,3.730510198781647e-14,3.730729582392866e-14,3.731080993990083e-14,3.73144642848325e-14,3.7317346697719675e-14,3.7319282965654797e-14
0.0,-7.775662386062421e-38,7.763026631182888e-22,1.796041432656564e-15,6.428626633538138e-16,1.526378105893197e-18,-1.1314861204646753e-18,3.151936192893411e-20,-5.981567094547572e-22,-3.2110314290821436e-23,1.3387991495731456e-23,2.7080620953696644e-23,6.220961537482981e-23,1.4098359518669716e-22,3.1958910172843778e-22,7.2674503021860335e-22,1.6485463585356143e-21,3.695570069820555e-21,8.095769788866218e-21,2.665941679282499e-20,8.907113403479238e-20,2.7506732119596226e-19,7.279307539034229e-19,1.5807602465620712e-18,2.840689825957316e-18,4.342578779084592e-18,5.828619991470331e-18,7.074352174705276e-18,7.975122504314609e-18,8.509130130740229e-18,8.586007132157908e-18,8.044134356588303e-18,6.6482344026684055e-18,4.074271783780211e-18,2.4723023855618658e-18,3.395756293767084e-18,4.6785868380999464e-18,6.428889544787481e-18,8.823712258681985e-18,1.2007622022962739e-17,1.602083272441075e-17,2.0787284841738087e-17,2.6251173655767973e-17,3.2440887248016124e-17,3.9552229349784125e-17,4.798191413285053e-17,5.78445611619784e-17,6.891576555772759e-17,8.140838440477246e-17,9.624501902925266e-17,1.1427521821323363e-16,1.3542344125616984e-16,1.5946031871372137e-16,1.8652456730017994e-16,2.1616270779561606e-16,2.472156529841526e-16,2.7913236791612677e-16,3.12760048713057e-16,3.4738278498597955e-16,3.824130554029985e-16,4.1778040523367316e-16,4.536332091793852e-16,4.901702154003226e-16,5.275815147469797e-16,5.660368557258221e-16,6.056819304217017e-16,6.466447585677673e-16,6.890374796346934e-16,7.329386855929281e-16,7.783993166002979e-16,8.260720055063013e-16,8.758683249375377e-16,9.27382296553778e-16,9.805186164494405e-16,1.03517327703278e-15,1.0919670384589898e-15,1.1538450692008572e-15,1.2194149048614296e-15,1.2889120440573699e-15,1.3604124609039775e-15,1.4334326766050706e-15,1.5076674523614876e-15,1.5827942493852757e-15,1.6584668752092084e-15,1.734319249080756e-15,1.809970459677857e-15,1.8850303243853315e-15,1.9591052695656383e-15,2.031830356795163e-15,2.1030940734057394e-15,2.1724439401700196e-15,2.2393461428721257e-15,2.3034673191214445e-15,2.364507747108241e-15,2.422208226783762e-15,2.476325558440778e-15,2.5266702776778436e-15,2.573043519077275e-15,2.615321767964294e-15,2.6534350295299084e-15,2.687342547343208e-15,2.717032139405938e-15,2.7425143863541575e-15,2.763815000864948e-15,2.7810097166692986e-15,2.7941246781877736e-15,2.8032769360580426e-15,2.8086353020142446e-15,2.8103575632664756e-15,2.8101017247863107e-15,2.8089243372944807e-15,2.8044657231318673e-15,2.7967916183488253e-15,2.7861041112593716e-15,2.772551113418713e-15,2.7562155426576827e-15,2.7373412429583102e-15,2.716186543907463e-15,2.6929340844009104e-15,2.667691629690066e-15,2.6405901403076433e-15,2.6118991835845396e-15,2.5818207071986667e-15,2.5507846319448064e-15,2.5192967455305357e-15,2.4866914175538724e-15,2.4531103743220877e-15,2.4187028505629224e-15,2.383564578602557e-15,2.347759057095023e-15,2.31144834533189e-15,2.274799780950787e-15,2.2379289531889937e-15,2.200914074981021e-15,2.16380638003649e-15,2.126683753737869e-15,2.0896739352672633e-15,2.052870601262636e-15,2.01634290790645e-15,1.9801425159556176e-15,1.944309420067244e-15,1.9088774385850636e-15,1.874199485218341e-15,1.8404357169317917e-15,1.807274290460329e-15,1.7747240356636518e-15,1.7428063907637756e-15,1.7115387750275948e-15,1.680935145331236e-15,1.6510100726825244e-15,1.6217773586600464e-15,1.5932369389249405e-15,1.5653944943973846e-15,1.5382544420371805e-15,1.5118208215237663e-15,1.4860945677490124e-15,1.4610738465619444e-15,1.43675488380373e-15,1.4131322619684708e-15,1.390199151940361e-15,1.3679474970383207e-15,1.3463681594645241e-15,1.3254510359343936e-15,1.3051851452155593e-15,1.2855586876801746e-15,1.2665672176163565e-15,1.2481939613522572e-15,1.2304186860226089e-15,1.2134614473991989e-15,1.1974778470420835e-15,1.1820566211499596e-15,1.16715787266633e-15,1.1527683709525926e-15,1.138876099111068e-15,1.1254690688110183e-15,1.1125349817445697e-15,1.1000608984350183e-15,1.0880328533627734e-15,1.076435410977172e-15,1.065250916208156e-15,1.054458438663687e-15,1.0440495225416088e-15,1.034018960083616e-15,1.0243605021604441e-15,1.015066165025944e-15,1.0061254943283834e-15,9.975247926742274e-16,9.892463179065723e-16,9.812657301062795e-16,9.735746200972854e-16,9.661754901270128e-16,9.590684464946955e-16,9.522503136629482e-16,9.457049654107134e-16,9.394138192867965e-16,9.333499759668558e-16,9.27511406950507e-16,9.21905827094891e-16,9.165339902979916e-16,9.113887141160899e-16,9.064539283714941e-16,9.017021416659023e-16,8.971250220577712e-16,8.927358797792668e-16,8.88539115401869e-16,8.84528700565938e-16,8.806872911315279e-16,8.769850400346474e-16,8.734236918076121e-16,8.700186592209373e-16,8.66773319902422e-16,8.636781808890758e-16,8.607089409662429e-16,8.578433320016591e-16,8.550997884398461e-16,8.524898698263573e-16,8.50010762218373e-16,8.476445615760966e-16,8.453598416986514e-16,8.431670743050725e-16,8.41084442338511e-16,8.39114376994519e-16,8.372429766889407e-16,8.354387852929184e-16,8.337020659450503e-16,8.320555455142099e-16,8.305053971242773e-16,8.290403464224616e-16,8.276298899727778e-16,8.262683800278604e-16,8.249809085807981e-16,8.237759559615202e-16,8.226436161317802e-16,8.215537898330824e-16,8.20498951251214e-16,8.19505518097243e-16,8.185829954809786e-16,8.177217348401568e-16,8.168912830385736e-16,8.160854385757258e-16,8.153314001606633e-16,8.146386078816383e-16,8.139967382124839e-16,8.133744436704262e-16,8.127693985017649e-16,8.122090139136655e-16,8.117017768028949e-16,8.112359392736085e-16,8.107791243223936e-16,8.10334860181151e-16,8.099299969408509e-16,8.095713715925522e-16,8.092452333435525e-16,8.089185525350755e-16,8.086020259376423e-16,8.083210215909734e-16,8.080802005903606e-16,8.078633053892089e-16,8.076378258400509e-16,8.074218930486722e-16,8.072385645665862e-16,8.070899447701666e-16,8.069566246275538e-16,8.068091650032522e-16,8.066716417270598e-16,8.065644318663204e-16,8.064868210576369e-16,8.064158830560146e-16,8.063278160069359e-16,8.062506681467271e-16,8.062019146014188e-16,8.061778548028159e-16,8.06152076738052e-16,8.061085101055111e-16,8.060771640380475e-16,8.060724760803159e-16,8.060876645774567e-16,8.060932869122907e-16,8.060824058155655e-16,8.06085164225954e-16,8.061128911700991e-16,8.061556835496459e-16,8.061819332472736e-16,8.061944485615805e-16,8.062219964657541e-16,8.06272774534587e-16,8.063337567931629e-16,8.063724060485877e-16,8.064010934845296e-16,8.064460812752403e-16,8.06512446412132e-16,8.065839184063202e-16,8.066290299618516e-16,8.066683453208775e-16,8.067250365324417e-16,8.068010937577752e-16,8.068766783745471e-16,8.069243181029387e-16,8.069700764845321e-16,8.07034050299182e-16,8.0711987325260625e-16
0.0,2.798215239025869e-41,5.11191249943168e-25,1.6075978821717886e-18,5.531446730558419e-19,1.262241983873546e-21,-9.519805896505329e-22,2.614176531963651e-23,-4.936058834528009e-25,-3.2690757426459974e-26,-5.6646345020620966e-27,-1.6577421997576062e-26,-3.776298715722053e-26,-8.472360464450067e-26,-1.8985132932006812e-25,-4.2119754106266655e-25,-8.669535237719671e-25,-1.7338549529256246e-24,-3.0426667161062508e-24,-6.902907409994634e-24,-1.2483946470705373e-23,4.7189540979506206e-24,1.3836597349993897e-22,5.711966681679624e-22,1.4776517402174265e-21,2.8580186986105805e-21,4.492043238007237e-21,6.0642332812048004e-21,7.326032856003291e-21,8.150542870479984e-21,8.404907596755644e-21,7.930137442928571e-21,6.543101861155385e-21,4.0290703294871304e-21,2.247444254896634e-21,2.9739543735316822e-21,3.926943940055187e-21,5.143023246994993e-21,6.700674353065853e-21,8.635938778178441e-21,1.1057756494057161e-20,1.3907785466265966e-20,1.7083738721688917e-20,2.0564789525436923e-20,2.4451140082272613e-20,2.898557687887644e-20,3.4268531879934633e-20,4.012028617322159e-20,4.661468319421989e-20,5.425035197004336e-20,6.348679430884438e-20,7.426709283950745e-20,8.646009619482157e-20,9.883728399581708e-20,1.1028026701822784e-19,1.2113611482432777e-19,1.3134485215494684e-19,1.4181707603047045e-19,1.5245317302786075e-19,1.6309737747147308e-19,1.73912894572998e-19,1.851665334824052e-19,1.9715531680850934e-19,2.101895775636995e-19,2.245841487012324e-19,2.4065410413318514e-19,2.5870730396118314e-19,2.790399705436998e-19,3.01942586491923e-19,3.2769686780720395e-19,3.568276495209658e-19,3.896126341711656e-19,4.261281692685836e-19,4.66578600139329e-19,5.111464689011484e-19,5.602887130300856e-19,6.158739235089189e-19,6.775452582079127e-19,7.4578622275287865e-19,8.197513262628394e-19,8.99282142803271e-19,9.84283563386769e-19,1.0745918949678282e-18,1.1699661267679173e-18,1.2700875445604264e-18,1.3745618489226111e-18,1.482923349004985e-18,1.5946410739109308e-18,1.7091458560213559e-18,1.8260249095335738e-18,1.944585296935099e-18,2.0639563694153928e-18,2.1834160796353067e-18,2.3022628583293575e-18,2.419838185852009e-18,2.5354616042311803e-18,2.648503936303709e-18,2.758324503966349e-18,2.864369011891131e-18,2.96610087335847e-18,3.063030973560493e-18,3.154725393911214e-18,3.2408161765342046e-18,3.321011657147493e-18,3.3951607928492574e-18,3.463132803407515e-18,3.524722994125033e-18,3.579813742841195e-18,3.628375602260162e-18,3.6722409937514255e-18,3.713352982123484e-18,3.748374152784868e-18,3.777040550477667e-18,3.799480687402898e-18,3.81595054991447e-18,3.826764238541396e-18,3.832080664584153e-18,3.832053306630211e-18,3.8269533220302674e-18,3.817166625665278e-18,3.803048359387875e-18,3.784746890612212e-18,3.762500346895065e-18,3.737024422960552e-18,3.709497651370551e-18,3.6789070119305445e-18,3.645281660584945e-18,3.608878348113626e-18,3.570028212870681e-18,3.5290943110321646e-18,3.4862689382303155e-18,3.4417138863044807e-18,3.3956483544094e-18,3.3483275925696392e-18,3.3000274201977876e-18,3.2509607352382217e-18,3.2012402701641464e-18,3.1510100403419763e-18,3.100431335981872e-18,3.0496724842960685e-18,2.9989003990155705e-18,2.948272584078278e-18,2.8983022736539367e-18,2.8493075716190994e-18,2.80079258470197e-18,2.7527966879609013e-18,2.7053926661335235e-18,2.6586495325774697e-18,2.6126294764891452e-18,2.5673911790041135e-18,2.5229894927487298e-18,2.4794507344184613e-18,2.4368058076594173e-18,2.3950794422705497e-18,2.3542884829993874e-18,2.314447007463622e-18,2.275566431646169e-18,2.2376547722854348e-18,2.200716751818621e-18,2.1647539811933615e-18,2.1297651924410356e-18,2.0957465045340655e-18,2.0626917115278857e-18,2.030592588753468e-18,1.9994392173372243e-18,1.9692319514260362e-18,1.939956559838402e-18,1.9115912117219397e-18,1.8844391395906027e-18,1.8588252714359624e-18,1.8340849677610487e-18,1.8101478284325686e-18,1.7869917733831415e-18,1.7645961534715666e-18,1.7429404158810103e-18,1.7220045243935094e-18,1.701769603314951e-18,1.6822186925712214e-18,1.6633375964541635e-18,1.6451162352181695e-18,1.6275505008151786e-18,1.6106158826903728e-18,1.5942829966008339e-18,1.5785248383859033e-18,1.563317996818877e-18,1.5486439310274895e-18,1.5344903021604065e-18,1.5208523475060638e-18,1.5077371920878033e-18,1.4951259860238812e-18,1.482982341430349e-18,1.4712788628776811e-18,1.4600003266599195e-18,1.4491298567902872e-18,1.4386691240916116e-18,1.428635266651961e-18,1.41900440397036e-18,1.4097370595561668e-18,1.4008062380401616e-18,1.3921990505512702e-18,1.3839182958556578e-18,1.3759866970191163e-18,1.3683954811405025e-18,1.3611002054331956e-18,1.3540720956829314e-18,1.3473005754480087e-18,1.340794729232066e-18,1.334585267503267e-18,1.3286504409706482e-18,1.3229461547224234e-18,1.3174491234519935e-18,1.31215824427922e-18,1.3070978177206572e-18,1.3022892488558002e-18,1.2976861435508098e-18,1.293254168536201e-18,1.2889836075085243e-18,1.2848905305377347e-18,1.2810141313589328e-18,1.2773237653499493e-18,1.2737763048305194e-18,1.2703554673916446e-18,1.2670727571572312e-18,1.2639694797451275e-18,1.2610341433206713e-18,1.2582179916718187e-18,1.2555003803696493e-18,1.2528902424661041e-18,1.2504290409762575e-18,1.2481169164614235e-18,1.2459028537210554e-18,1.2437639753609397e-18,1.2417084838002078e-18,1.2397786560682124e-18,1.2379792462794473e-18,1.2362584761409781e-18,1.2345931454597807e-18,1.232992355122066e-18,1.2315002416726942e-18,1.2301205947111097e-18,1.2288015739268926e-18,1.227521275926108e-18,1.2262910626432636e-18,1.2251576441872987e-18,1.224119397848484e-18,1.2231251914089462e-18,1.2221557281788778e-18,1.2212257151645e-18,1.2203845005287205e-18,1.2196215925922585e-18,1.2188877047794295e-18,1.2181671606798531e-18,1.2174788343084622e-18,1.216873945029545e-18,1.2163308100827115e-18,1.2158033925478114e-18,1.215280385002208e-18,1.2147855456570398e-18,1.2143698910357718e-18,1.2139999962165334e-18,1.2136343405407441e-18,1.2132665093715617e-18,1.2129261143893365e-18,1.2126596111560673e-18,1.2124242263395896e-18,1.2121834716717903e-18,1.211936165883007e-18,1.2117182919449226e-18,1.2115673787002336e-18,1.2114345135521568e-18,1.2112885223062137e-18,1.2111336529188e-18,1.211012127269165e-18,1.2109489830692188e-18,1.2108924512240283e-18,1.2108168219275044e-18,1.210731858485963e-18,1.2106851935799284e-18,1.2106869759290408e-18,1.2106855626415534e-18,1.2106607610384297e-18,1.2106278548635182e-18,1.2106383856395331e-18,1.2106865396192928e-18,1.2107232607834224e-18,1.2107338553564637e-18,1.2107390763715412e-18,1.210792261738169e-18,1.2108718947271245e-18,1.2109333385002777e-18,1.2109673315979046e-18,1.2110002532668876e-18,1.2110838614260947e-18,1.2111831810720206e-18,1.2112589270967558e-18,1.2113071726525482e-18,1.2113604235569035e-18,1.2114639439372083e-18,1.2115737574066744e-18,1.2116558685530441e-18,1.211703762522879e-18
0.0,8.87306310423143e-45,1.3348689265105558e-28,6.347281718496768e-22,2.272489763925392e-22,5.35497645737889e-25,-3.9836330377174987e-25,1.1079773703493356e-26,-2.1021025251151294e-28,-1.2046227210150844e-29,2.6926237424652866e-30,4.8968046872369616e-30,1.1426206661703337e-29,2.6288681810721446e-29,6.045978205236173e-29,1.383442411549609e-28,2.9337079222757526e-28,6.049524668091607e-28,1.102690808782115e-27,2.514865096263874e-27,4.8392417389449345e-27,-9.700905611902645e-28,-5.244908083190708e-26,-2.2808354975400165e-25,-6.088963604589377e-25,-1.2018418932039163e-24,-1.9118251192751352e-24,-2.5959294872019582e-24,-3.13927018616288e-24,-3.485951464890668e-24,-3.583860038621004e-24,-3.37237256767629e-24,-2.7836122675885327e-24,-1.7397102237158373e-24,-9.147635044629808e-25,-1.1996634630176925e-24,-1.5721089984109878e-24,-2.0441834028879288e-24,-2.644935868212531e-24,-3.386400406835733e-24,-4.299893857476345e-24,-5.353952302373363e-24,-6.505863981467659e-24,-7.73985504818071e-24,-9.085686432701486e-24,-1.0628391407681984e-23,-1.2400595357089273e-23,-1.432792738483868e-23,-1.6426186761251833e-23,-1.8854391035495827e-23,-2.176686725406658e-23,-2.5138139924586216e-23,-2.8901156806217067e-23,-3.2650989393050376e-23,-3.594295593616937e-23,-3.892441784047415e-23,-4.157577988139394e-23,-4.419044682562979e-23,-4.676019435574859e-23,-4.9229346915398816e-23,-5.164432946028684e-23,-5.408995465442798e-23,-5.665630007100799e-23,-5.942878879756279e-23,-6.248703571868389e-23,-6.590491537670148e-23,-6.975209808760989e-23,-7.409467251326281e-23,-7.899257845495381e-23,-8.450008142635174e-23,-9.072556540483715e-23,-9.77247663576424e-23,-1.0548976431220234e-22,-1.1404866481373808e-22,-1.234251297055108e-22,-1.3369969279921566e-22,-1.4528866857778097e-22,-1.5809569411345836e-22,-1.7221109979767619e-22,-1.8741513926420864e-22,-2.0365101915165245e-22,-2.2088499410535407e-22,-2.3907125469030333e-22,-2.5815000272548143e-22,-2.7804761145939453e-22,-2.9867726474587744e-22,-3.199399596737012e-22,-3.4172583509205284e-22,-3.639196867597148e-22,-3.8643845044962025e-22,-4.0915339672485316e-22,-4.318897528863193e-22,-4.545096361673227e-22,-4.768807877603809e-22,-4.988814817817861e-22,-5.2038410943007975e-22,-5.412724415152545e-22,-5.614235987066889e-22,-5.807332683813723e-22,-5.991126547810192e-22,-6.164830263708919e-22,-6.327764894235833e-22,-6.479352111370623e-22,-6.61909235969122e-22,-6.7466310200347315e-22,-6.861594262043455e-22,-6.963862267997215e-22,-7.053516844592554e-22,-7.1306601732161215e-22,-7.198396873457611e-22,-7.260925842876343e-22,-7.311599387704188e-22,-7.35026841681878e-22,-7.377352070667019e-22,-7.3931741759346665e-22,-7.397887485850883e-22,-7.392158035132593e-22,-7.376731156316847e-22,-7.3521534697180735e-22,-7.318767008777732e-22,-7.277003140908802e-22,-7.227738110763995e-22,-7.171659551542637e-22,-7.109847427564605e-22,-7.044237483883961e-22,-6.973051394788814e-22,-6.896747494778165e-22,-6.815884231617104e-22,-6.730857517796004e-22,-6.641962123133041e-22,-6.549806257283958e-22,-6.455017164307076e-22,-6.358057505920536e-22,-6.259268566626843e-22,-6.158901504794364e-22,-6.057289526668243e-22,-5.95492444570753e-22,-5.852185451766766e-22,-5.749368758045061e-22,-5.646709659131583e-22,-5.544401112205139e-22,-5.4426115604676055e-22,-5.342253504883003e-22,-5.244164987733702e-22,-5.147417864497182e-22,-5.052069432777328e-22,-4.958231642348883e-22,-4.866000404850411e-22,-4.775457165920605e-22,-4.686678421514249e-22,-4.599742250700013e-22,-4.514677931958423e-22,-4.431529079622849e-22,-4.350333546126145e-22,-4.271126193874868e-22,-4.193929825753956e-22,-4.1187564189520937e-22,-4.0456100398633905e-22,-3.9744879599956647e-22,-3.9053815476252644e-22,-3.838276991619653e-22,-3.773155890477026e-22,-3.709995728912303e-22,-3.6487702508662423e-22,-3.58944972890927e-22,-3.532020129556587e-22,-3.4764427286986383e-22,-3.4226572178876945e-22,-3.3711244457225943e-22,-3.3225401426777046e-22,-3.2756794827392405e-22,-3.2303956956564503e-22,-3.1866501409731135e-22,-3.1444084295983664e-22,-3.103636008190907e-22,-3.0642969974690043e-22,-3.026353052864294e-22,-2.989762030890801e-22,-2.954476443399889e-22,-2.920440841401773e-22,-2.8875881210484196e-22,-2.85589447724902e-22,-2.8253473124531324e-22,-2.795930278957763e-22,-2.767620845495969e-22,-2.740387710338392e-22,-2.7141880839477387e-22,-2.6889648672480953e-22,-2.6646376978630497e-22,-2.6411817959190995e-22,-2.618610480896233e-22,-2.5969262397285225e-22,-2.5761221743504123e-22,-2.5561489905715775e-22,-2.5369454808003776e-22,-2.518421374734929e-22,-2.500573451054331e-22,-2.4834325667545643e-22,-2.467005093861241e-22,-2.4512694791450913e-22,-2.4361728924814097e-22,-2.421622328728551e-22,-2.407591876158777e-22,-2.394131459593123e-22,-2.38125967060392e-22,-2.3689584265461007e-22,-2.357169853424242e-22,-2.34579211795889e-22,-2.3348341403596076e-22,-2.324352720342114e-22,-2.314362351860434e-22,-2.30483229217119e-22,-2.29567976853994e-22,-2.28682906895022e-22,-2.2783472106449266e-22,-2.2702770139940325e-22,-2.262610800472972e-22,-2.2552878898741577e-22,-2.248200111608656e-22,-2.24138620242421e-22,-2.2349118737632297e-22,-2.2287875176252047e-22,-2.222966184964214e-22,-2.2173393182414275e-22,-2.211909545557684e-22,-2.2067582015561727e-22,-2.201908507702084e-22,-2.1973224583986656e-22,-2.192894595670672e-22,-2.1886065611121085e-22,-2.184547697619834e-22,-2.1807490545413565e-22,-2.177177188487761e-22,-2.1737278532451093e-22,-2.170375883071279e-22,-2.167215012186582e-22,-2.1642796512287684e-22,-2.1615370565030853e-22,-2.158881568518384e-22,-2.1562924674765233e-22,-2.153865997157452e-22,-2.1516361393343964e-22,-2.149567612393548e-22,-2.1475514785902396e-22,-2.1455804238557367e-22,-2.1437512368341746e-22,-2.1420943874344248e-22,-2.140569458980334e-22,-2.1390637871626797e-22,-2.1375904062448064e-22,-2.1362439669233687e-22,-2.1350490145800288e-22,-2.1339579973966077e-22,-2.1328558652480594e-22,-2.1317806132213404e-22,-2.1308215556916357e-22,-2.12999549747315e-22,-2.1292460111178757e-22,-2.1284597805660613e-22,-2.127700700126644e-22,-2.12704987307027e-22,-2.126515053891824e-22,-2.1260287040716372e-22,-2.1254881826205674e-22,-2.1249780786951384e-22,-2.124570012829916e-22,-2.1242617929043957e-22,-2.123973508144355e-22,-2.1236221786125748e-22,-2.1233061981040394e-22,-2.123086950193301e-22,-2.1229517281807933e-22,-2.122808374800336e-22,-2.122600901134577e-22,-2.1224344810555214e-22,-2.1223598045979354e-22,-2.122353333918432e-22,-2.122312270223367e-22,-2.122212519639553e-22,-2.122159658275698e-22,-2.122193449806834e-22,-2.122279397002651e-22,-2.1223070952263013e-22,-2.1222864894765523e-22,-2.1223182905522586e-22,-2.122431268413722e-22,-2.1225799721405592e-22,-2.12265072258562e-22,-2.122686866760648e-22,-2.1227803143162776e-22,-2.1229488901503434e-22,-2.1231357731168385e-22,-2.123231004673391e-22,-2.1233065467878146e-22,-2.123443471506197e-22,-2.1236487853915216e-22,-2.1238531727384456e-22,-2.123960626489881e-22,-2.124062308788626e-22,-2.1242285145917715e-22,-2.12447197648253e-22
0.0,-2.255947274188858e-46,-3.416282591920504e-30,-2.44585189186589e-23,-9.357050626761206e-24,-2.1382686251507259e-26,1.606109674721903e-26,-4.40756513883769e-28,8.293728882350829e-30,5.198783218663936e-31,2.825376572341147e-32,1.2406586784889788e-31,2.8627685086870955e-31,6.498993097101358e-31,1.4732342019561691e-30,3.328090674785275e-30,6.952573018977633e-30,1.4104970071537924e-29,2.544214996900562e-29,5.557854949008807e-29,1.0805224502910586e-28,-3.3138989071774035e-30,-1.0354773155904563e-27,-4.519914271072744e-27,-1.1893335155966457e-26,-2.2959861811195757e-26,-3.554750058149332e-26,-4.682289458710341e-26,-5.480706062703731e-26,-5.885288762340208e-26,-5.853672057744822e-26,-5.337945838400861e-26,-4.288315128460256e-26,-2.64638217790817e-26,-1.2852305209369143e-26,-1.6302428905808444e-26,-2.0724177368577203e-26,-2.616192837621704e-26,-3.2911501689747555e-26,-4.1015153023815434e-26,-5.0640150777133726e-26,-6.135370143136794e-26,-7.257857956617337e-26,-8.408477365540738e-26,-9.617735954122166e-26,-1.0965709522849729e-25,-1.2487618861077188e-25,-1.4100000117636708e-25,-1.580777812654644e-25,-1.7759758020107946e-25,-2.0093234246910533e-25,-2.2773754263847336e-25,-2.573090048505388e-25,-2.873491607379255e-25,-3.139107527278006e-25,-3.3768723080504366e-25,-3.585232286722339e-25,-3.7887915177979914e-25,-3.9885838933901115e-25,-4.179869348581026e-25,-4.367174636726424e-25,-4.55750497688807e-25,-4.758154421367395e-25,-4.976219447423234e-25,-5.218396547333055e-25,-5.490927038754393e-25,-5.799371095645171e-25,-6.148948773966277e-25,-6.544213821899025e-25,-6.989373052457564e-25,-7.492753855936503e-25,-8.059378304257991e-25,-8.68806120868681e-25,-9.380764558922626e-25,-1.0139094534391962e-24,-1.0967989356803758e-24,-1.190211627038967e-24,-1.2933438541584764e-24,-1.4068819401104006e-24,-1.5289909902489305e-24,-1.6590977201611058e-24,-1.796867333510716e-24,-1.9418723004447492e-24,-2.093575595267188e-24,-2.2513337530031387e-24,-2.4144039385537967e-24,-2.5819538316994636e-24,-2.7530739252380557e-24,-2.926820427216922e-24,-3.1024969160019164e-24,-3.279131391603995e-24,-3.4553153333771216e-24,-3.629973923016312e-24,-3.802087873164925e-24,-3.97074172512412e-24,-4.134984750095212e-24,-4.293993841837379e-24,-4.4469161576706714e-24,-4.5930568864126844e-24,-4.731743344784748e-24,-4.862381116446755e-24,-4.98446303629352e-24,-5.097586190947212e-24,-5.2014688473718545e-24,-5.29603968730311e-24,-5.381293102349496e-24,-5.457014719688492e-24,-5.523124220416294e-24,-5.5796816117486605e-24,-5.628967044246116e-24,-5.6751766376304996e-24,-5.7129608424976366e-24,-5.7417535473729215e-24,-5.761782398094727e-24,-5.773511125191912e-24,-5.777492771134039e-24,-5.773957740308012e-24,-5.7631115342195845e-24,-5.745369737336933e-24,-5.721353130890619e-24,-5.691613758767209e-24,-5.656305028022439e-24,-5.615745112476454e-24,-5.570833390180377e-24,-5.523624189524345e-24,-5.472548391628744e-24,-5.4174888308105015e-24,-5.3587900374452496e-24,-5.296940020250843e-24,-5.2324907585683466e-24,-5.165674389997795e-24,-5.096668876365729e-24,-5.0257657450926145e-24,-4.953330717939596e-24,-4.879775285324959e-24,-4.805397395712398e-24,-4.730308951395516e-24,-4.654687457468796e-24,-4.578749832364444e-24,-4.502733166192532e-24,-4.426878656737641e-24,-4.351416150467811e-24,-4.276951739943137e-24,-4.204150455719998e-24,-4.132192902176442e-24,-4.061099029227387e-24,-3.9909652443506016e-24,-3.921885410201286e-24,-3.853944589717137e-24,-3.7872212557344605e-24,-3.721793681928632e-24,-3.657693809696892e-24,-3.594960495977365e-24,-3.5336239135414236e-24,-3.473701513468355e-24,-3.415208087886067e-24,-3.358155795653714e-24,-3.3025524632792518e-24,-3.2484015860030487e-24,-3.195702492245967e-24,-3.1444506175481585e-24,-3.0946378567431433e-24,-3.0462529735673975e-24,-2.9992820603426087e-24,-2.9537090495485435e-24,-2.909530515679405e-24,-2.866731132236886e-24,-2.8252764761505254e-24,-2.7854980362829266e-24,-2.7480748487202964e-24,-2.7119744256345268e-24,-2.6770574221925512e-24,-2.6432880587887626e-24,-2.610633612928673e-24,-2.5790617146444866e-24,-2.548541233626029e-24,-2.5190436316184092e-24,-2.490544568981286e-24,-2.463025733933783e-24,-2.4364777816275587e-24,-2.4109043960216922e-24,-2.3862650920553776e-24,-2.3625085468392535e-24,-2.3395882914959988e-24,-2.3174653895726968e-24,-2.2961112824299495e-24,-2.2755107777992446e-24,-2.2556651540986914e-24,-2.2366017368284853e-24,-2.2182907528129388e-24,-2.2006634775965557e-24,-2.1836682661083635e-24,-2.1672799984008016e-24,-2.151476604265606e-24,-2.1362718919905338e-24,-2.121713998252786e-24,-2.1077600341306463e-24,-2.094332049777864e-24,-2.0813793286871497e-24,-2.0688821765155462e-24,-2.0568556180040176e-24,-2.045359023282735e-24,-2.0343814349842217e-24,-2.0238318929039034e-24,-2.0136539750469625e-24,-2.003831638007478e-24,-1.994392678142266e-24,-1.985413313219963e-24,-1.9768520359168845e-24,-1.9686168192883805e-24,-1.9606619715852154e-24,-1.952991406820073e-24,-1.945666067682209e-24,-1.9387403601902594e-24,-1.932115847831286e-24,-1.9257208865999868e-24,-1.9195390532215047e-24,-1.913611948209709e-24,-1.9080333324606008e-24,-1.902739196528015e-24,-1.8976370338351354e-24,-1.8926947362697135e-24,-1.8879428723059434e-24,-1.883479382459328e-24,-1.8792826831246033e-24,-1.8752466131692048e-24,-1.8713284240432545e-24,-1.8675522295580377e-24,-1.864015817317345e-24,-1.8607232630490354e-24,-1.8575624706826397e-24,-1.8544849530446667e-24,-1.851512613339785e-24,-1.8487446435271666e-24,-1.8461950195304603e-24,-1.8437492099846872e-24,-1.8413574096513365e-24,-1.8390430834031192e-24,-1.8369092627697764e-24,-1.8349672496280525e-24,-1.8331017729258198e-24,-1.8312654748649966e-24,-1.829486549564476e-24,-1.827873546029179e-24,-1.8264250372521513e-24,-1.8250268570626697e-24,-1.823637154084702e-24,-1.822291381876895e-24,-1.821103800639707e-24,-1.820052427800474e-24,-1.8190268739053545e-24,-1.817993171982666e-24,-1.8169959622825835e-24,-1.8161535091736494e-24,-1.815418018211377e-24,-1.8146861469288467e-24,-1.8139335790069825e-24,-1.8132158228435155e-24,-1.8126504540220256e-24,-1.812162640017383e-24,-1.8116590343185926e-24,-1.811126216158115e-24,-1.810632811107976e-24,-1.810285800323621e-24,-1.809988798364111e-24,-1.809659684674437e-24,-1.8092967530064224e-24,-1.808982960435345e-24,-1.8088047631697105e-24,-1.8086515701333046e-24,-1.8084531730424727e-24,-1.808220061881851e-24,-1.808049251894063e-24,-1.80799856714941e-24,-1.807950726947581e-24,-1.8078478140056085e-24,-1.807712739875613e-24,-1.807654713744744e-24,-1.807697479195934e-24,-1.8077238960364395e-24,-1.80768848750482e-24,-1.8076266222002894e-24,-1.8076562989566216e-24,-1.8077647523733397e-24,-1.8078406192376144e-24,-1.8078508455402483e-24,-1.8078431600658134e-24,-1.8079395524711948e-24,-1.8080913590985038e-24,-1.8081971934114506e-24,-1.808236291685324e-24,-1.8082691170239146e-24,-1.8084139680691047e-24,-1.8085914188089076e-24,-1.8087122036956868e-24,-1.8087676423345588e-24,-1.808832086441941e-24,-1.8090089563454893e-24,-1.8091982407843333e-24,-1.809322668580048e-24,-1.809367597188355e-24
0.0,3.2267384139415723e-49,7.798917153950633e-33,8.767894904663258e-26,3.862725169751249e-26,8.780961508520292e-29,-6.595342391122415e-29,1.807488828532581e-30,-3.3895938232848766e-32,-1.9807026259500223e-33,2.336118741367275e-34,3.213582276488703e-34,7.476102045016312e-34,1.7150718991917343e-33,3.9255659335567517e-33,8.978652704982559e-33,1.8996001122214508e-32,3.901881338422252e-32,7.174649117340816e-32,1.5488054218725833e-31,3.1325690523455174e-31,3.582396275884678e-32,-2.8284426977305183e-30,-1.2751924748635e-29,-3.4040638308078115e-29,-6.620744192452867e-29,-1.0285566883312604e-28,-1.3559927564414769e-28,-1.5862999737807926e-28,-1.7021018824139235e-28,-1.6935947230974104e-28,-1.5481970377734622e-28,-1.2517964203532546e-28,-7.87222398935926e-29,-3.671357264122715e-29,-4.652991724444124e-29,-5.933006872266892e-29,-7.519671997494565e-29,-9.501230919693258e-29,-1.1900239800298881e-28,-1.4740626494558988e-28,-1.787506076869368e-28,-2.1140869692532113e-28,-2.4459424451327865e-28,-2.790552159785012e-28,-3.1707557174619647e-28,-3.5970165227213982e-28,-4.045440978236975e-28,-4.5165704926648875e-28,-5.050183993010317e-28,-5.686974632956139e-28,-6.4194932809427075e-28,-7.225011559138373e-28,-8.037733160379238e-28,-8.728542046007673e-28,-9.324046174836372e-28,-9.821647798244695e-28,-1.0289871540289334e-27,-1.0740973730755981e-27,-1.116071291201571e-27,-1.1560561044881597e-27,-1.1961318674158772e-27,-1.2384218912246472e-27,-1.2848324830821486e-27,-1.3370502836206892e-27,-1.3965681466068505e-27,-1.5292672789625286e-27,-1.822974811821615e-27,-2.153257144461957e-27,-2.5257650786767576e-27,-2.9480337131916605e-27,-3.42753587513553e-27,-3.9690629200730086e-27,-4.5786761142542136e-27,-5.2623362354006424e-27,-6.0276414048466835e-27,-6.899230891024969e-27,-7.881673409676473e-27,-8.986395983141785e-27,-1.0208708048890064e-26,-1.1549779532750317e-26,-1.301181510780342e-26,-1.4595643014614013e-26,-1.6300453836770584e-26,-1.812369996032473e-26,-2.0061046990540865e-26,-2.2106373481859972e-26,-2.4251819188858827e-26,-2.6488120638447495e-26,-2.8807048135244435e-26,-3.11977596481994e-26,-3.36435468529599e-26,-3.6129948905759026e-26,-3.864222912181273e-26,-4.116612498373942e-26,-4.368636832356064e-26,-4.6188384964796033e-26,-4.865632352671695e-26,-5.107567735347998e-26,-5.343343750231844e-26,-5.571743232474654e-26,-5.791646592559262e-26,-6.002026788039761e-26,-6.201924914581642e-26,-6.390488110065213e-26,-6.566889918430155e-26,-6.730637255023885e-26,-6.881480407079616e-26,-7.019184755383061e-26,-7.145724028034525e-26,-7.266214987434219e-26,-7.373646753444464e-26,-7.467456630273244e-26,-7.5478552053076e-26,-7.614920431863926e-26,-7.668494536445831e-26,-7.709190354140813e-26,-7.737762089852758e-26,-7.754675208076239e-26,-7.7600907653328e-26,-7.754322176831552e-26,-7.738403302540346e-26,-7.713097573908818e-26,-7.679301755860501e-26,-7.639286602193954e-26,-7.591232662901749e-26,-7.53563896295565e-26,-7.473155432045159e-26,-7.404185449255904e-26,-7.328982706878453e-26,-7.248333424214351e-26,-7.163079100849687e-26,-7.073810588638683e-26,-6.980934385312029e-26,-6.884720734782013e-26,-6.785591319208136e-26,-6.684252207792792e-26,-6.581236787270935e-26,-6.476952266811501e-26,-6.371714508815628e-26,-6.265777824518281e-26,-6.159364263305313e-26,-6.053421826071839e-26,-5.949291192928801e-26,-5.845927209105414e-26,-5.74341862370635e-26,-5.64194534010468e-26,-5.541664471211837e-26,-5.442713246708564e-26,-5.345218876445242e-26,-5.249315673224478e-26,-5.1550772778755536e-26,-5.062592407606216e-26,-4.971943442648903e-26,-4.883210976103779e-26,-4.796457041291884e-26,-4.71172685894276e-26,-4.6290537196426866e-26,-4.5484606638103646e-26,-4.469961790615888e-26,-4.393563291047151e-26,-4.3192642598703646e-26,-4.247057323054275e-26,-4.1769290933686284e-26,-4.1088604507715327e-26,-4.0428444699120444e-26,-3.978854610851207e-26,-3.9168259838568137e-26,-3.8571506107253454e-26,-3.800871313774111e-26,-3.746560989967172e-26,-3.6940079927107664e-26,-3.643176940887381e-26,-3.594038661240142e-26,-3.5465630449392275e-26,-3.500716907921497e-26,-3.456461765493396e-26,-3.41375120691435e-26,-3.3725278484738464e-26,-3.3327182217921037e-26,-3.294225577307153e-26,-3.257035335003625e-26,-3.2211538414817325e-26,-3.1865796542409174e-26,-3.153298775161346e-26,-3.121279569376672e-26,-3.090467416048516e-26,-3.060779143717693e-26,-3.0320855939476456e-26,-3.0043641828600856e-26,-2.977665471747865e-26,-2.9520153735855044e-26,-2.927417659631822e-26,-2.9038097029116445e-26,-2.8810947844929566e-26,-2.8591187291173866e-26,-2.837895806905008e-26,-2.817506091853405e-26,-2.7979815333957373e-26,-2.779299113992445e-26,-2.761374184587674e-26,-2.744042989384259e-26,-2.727271910616345e-26,-2.711174831453193e-26,-2.695804090900797e-26,-2.6811399264529756e-26,-2.667084266126807e-26,-2.653452483549933e-26,-2.6402758744029335e-26,-2.62767898508381e-26,-2.6157032730460747e-26,-2.604301265752888e-26,-2.593323174988018e-26,-2.582632512529183e-26,-2.572371795037632e-26,-2.562635877823373e-26,-2.5534203883366025e-26,-2.5446167510449157e-26,-2.5360229330907583e-26,-2.527724346767289e-26,-2.5198589916932926e-26,-2.5124561875274555e-26,-2.5054325583861618e-26,-2.498583630410364e-26,-2.4919225591720906e-26,-2.485616543362449e-26,-2.4797186170825765e-26,-2.474161511147477e-26,-2.468745425245403e-26,-2.4634410840380858e-26,-2.4584301801335568e-26,-2.4537798869963608e-26,-2.4494306864658255e-26,-2.4451839874649748e-26,-2.440996072998227e-26,-2.4370562112443088e-26,-2.433437140889776e-26,-2.430079711610199e-26,-2.426781590253903e-26,-2.4235068555931136e-26,-2.4204488040550064e-26,-2.4176784586022654e-26,-2.4151308462346472e-26,-2.4125963979134956e-26,-2.4100647012633952e-26,-2.4077293489987782e-26,-2.4056537310145135e-26,-2.403762092788004e-26,-2.4018368873078676e-26,-2.3999069394395035e-26,-2.3981609820489175e-26,-2.3966501522941852e-26,-2.395284107337624e-26,-2.393840065888965e-26,-2.3923952233567695e-26,-2.391127274401201e-26,-2.3900716404914873e-26,-2.3891200775879052e-26,-2.3880527422607743e-26,-2.386997109984869e-26,-2.386114285099893e-26,-2.3854214919942332e-26,-2.3847882899611117e-26,-2.3840153759911627e-26,-2.3832703610094678e-26,-2.3826953424907606e-26,-2.3822876670128683e-26,-2.3818923010710015e-26,-2.3813481515760852e-26,-2.3808495117720746e-26,-2.3805180623857947e-26,-2.380330225961862e-26,-2.3801066883104723e-26,-2.3797389724604567e-26,-2.3794343366293494e-26,-2.3792932108583574e-26,-2.379270531732265e-26,-2.3791659050472185e-26,-2.3789331093076892e-26,-2.378779917426247e-26,-2.378785106145029e-26,-2.378881925410131e-26,-2.3788548948162375e-26,-2.3787242713408653e-26,-2.378688066849489e-26,-2.3788033195494746e-26,-2.378981647358957e-26,-2.3790010059144438e-26,-2.3789469018649023e-26,-2.3789999171438868e-26,-2.3791954870653462e-26,-2.3794228187575777e-26,-2.379467034314143e-26,-2.3794695309194186e-26,-2.3795895088878864e-26,-2.3798410833352206e-26,-2.380088880286729e-26,-2.3801452463447174e-26,-2.380189048385572e-26,-2.3803582559509753e-26,-2.380678090626582e-26
0.0,3.254513500872143e-53,1.2737490327523136e-36,2.3229939809021863e-29,1.2856928939079345e-29,2.92062436611273e-32,-2.200909022214138e-32,6.052620829647015e-34,-1.140079975867488e-35,-6.9669535662438064e-37,6.673961514744178e-39,-6.450554932446923e-38,-1.5208657697313173e-37,-3.538617280131268e-37,-8.243493826823828e-37,-1.9262228013025304e-36,-4.180588534421984e-36,-8.818222452343626e-36,-1.6797092754246123e-35,-3.649905625105745e-35,-7.83275322715534e-35,-2.0516168823430994e-35,7.189956500927638e-34,3.508336947842576e-33,9.931697702501174e-33,2.0271631524011874e-32,3.2760161048179883e-32,4.458092879450999e-32,5.347808569373969e-32,5.853487321395266e-32,5.9203668469645e-32,5.490821247190631e-32,4.5081147141536595e-32,2.905693623676024e-32,1.3124981084045908e-32,1.6616350973268662e-32,2.1258448221487487e-32,2.7003914319049843e-32,3.4188376846869126e-32,4.290293564617692e-32,5.327843877722421e-32,6.484537844552469e-32,7.6958337679145e-32,8.930742057975446e-32,1.021672894196315e-31,1.163008182354493e-31,1.3221951113974473e-31,1.4904363253237544e-31,1.6668874062809463e-31,1.8664902877967655e-31,2.1046990675443807e-31,2.379245299027936e-31,2.6822316457576435e-31,2.990904324991704e-31,3.252982269969785e-31,3.4798842572115078e-31,3.671097028364165e-31,3.850514219617207e-31,4.024205261580401e-31,4.186585561491438e-31,4.3425137375159245e-31,4.499342705495425e-31,4.664617714857716e-31,4.845625142453944e-31,5.0491533762809995e-31,5.281447314686149e-31,5.758154540790802e-31,6.87989127002627e-31,8.144604565323008e-31,9.574626844183527e-31,1.1199377098854695e-30,1.3049766229601602e-30,1.5145774000191258e-30,1.751261491760303e-30,2.0175475603259868e-30,2.316341736897487e-30,2.657586584409173e-30,3.0434940901096744e-30,3.478755634080523e-30,3.962100936743671e-30,4.494201265146567e-30,5.076264896066507e-30,5.708971901300101e-30,6.39235309600997e-30,7.125739471912172e-30,7.907732192183334e-30,8.736191560800524e-30,9.608245650412478e-30,1.0520404951073369e-29,1.1469454365844902e-29,1.245134461862907e-29,1.3459354705768302e-29,1.448765249960168e-29,1.5530224514631794e-29,1.6581217435827646e-29,1.763436602666914e-29,1.868377794823439e-29,1.9723168380893114e-29,2.074677501228935e-29,2.1748605785979779e-29,2.2722918435105502e-29,2.3664326200895736e-29,2.4567986391355223e-29,2.5429807664862376e-29,2.6246973494583566e-29,2.7017445534975595e-29,2.773736461789388e-29,2.840366454658302e-29,2.9014415961534196e-29,2.9577094988044184e-29,3.0117697588366245e-29,3.0606483501912375e-29,3.1037036877966895e-29,3.140900235368724e-29,3.1724229808115004e-29,3.1985713575104267e-29,3.219340516915511e-29,3.234709453478561e-29,3.2448647567874365e-29,3.2502017405934336e-29,3.25106651434291e-29,3.2474358919283724e-29,3.2394545346338395e-29,3.2276125972398034e-29,3.213322164205161e-29,3.1957161234052225e-29,3.1746101449567854e-29,3.15022549838652e-29,3.1229338188549246e-29,3.0931823182105194e-29,3.0611099578781945e-29,3.0268084522587046e-29,2.990490476851586e-29,2.952451582738304e-29,2.9130422816237165e-29,2.872505896845566e-29,2.8309021203583664e-29,2.7883621946886367e-29,2.7450628733603214e-29,2.70120700004279e-29,2.6570069973558684e-29,2.6126686867728565e-29,2.5685182966903566e-29,2.5250750684942655e-29,2.4818513635968942e-29,2.4388706710153587e-29,2.3962230570155582e-29,2.3539976605852833e-29,2.312276726779467e-29,2.27113495090509e-29,2.2306459644022878e-29,2.1908509742914793e-29,2.1517915777358098e-29,2.1135016116200858e-29,2.0760028058847577e-29,2.0393153771916016e-29,2.0034579674490798e-29,1.9684457263934013e-29,1.9342902060979943e-29,1.9009994327528404e-29,1.8685780998563636e-29,1.8370278504991898e-29,1.8063476271885395e-29,1.7765340818539258e-29,1.7475820484429263e-29,1.7194919309802908e-29,1.6922622500413118e-29,1.6658761777356845e-29,1.6404739945862182e-29,1.6165440032711544e-29,1.5934705990119106e-29,1.5711454332667667e-29,1.5495443969447558e-29,1.528645459517672e-29,1.5084267813681038e-29,1.488867761070662e-29,1.4699505132716047e-29,1.451661619441123e-29,1.4339941264183765e-29,1.416950767701759e-29,1.4005484230662764e-29,1.3847552976475416e-29,1.369527435581338e-29,1.3548259430065705e-29,1.3406199409060575e-29,1.3268897052784763e-29,1.3136299672352176e-29,1.3008533416785914e-29,1.2886008786310063e-29,1.2768505496106614e-29,1.2655371654487714e-29,1.2546127457377637e-29,1.2440552415543908e-29,1.2338557150860351e-29,1.2240389640390341e-29,1.2146671750646706e-29,1.2057020184610404e-29,1.1970662793245938e-29,1.188712490383094e-29,1.1806271206691647e-29,1.1728346566233358e-29,1.1654082092429358e-29,1.1583431779705502e-29,1.151546601271518e-29,1.144963356771107e-29,1.1385825976581678e-29,1.1324415608570072e-29,1.1266306032173845e-29,1.1211102035076068e-29,1.115785019898532e-29,1.1106105721888187e-29,1.1055968305496212e-29,1.1008163699084131e-29,1.0963343690274301e-29,1.0920475673424286e-29,1.0878820670978975e-29,1.0838246124012758e-29,1.0799256481897613e-29,1.0762928404738789e-29,1.0728600835425755e-29,1.0695298069122391e-29,1.066270779569987e-29,1.0631205837414973e-29,1.0601907453095249e-29,1.057461185913349e-29,1.0548187207432287e-29,1.0522198090085816e-29,1.0496943109791059e-29,1.0473529382209459e-29,1.0452032562251173e-29,1.043125061024296e-29,1.0410679899091536e-29,1.0390589369359171e-29,1.0372095936968093e-29,1.035537908870765e-29,1.0339205901032417e-29,1.032305390909024e-29,1.0307204587061601e-29,1.0292812117635769e-29,1.0280022348503589e-29,1.0267590776334763e-29,1.0255018099691976e-29,1.0242633726708863e-29,1.0231648142064721e-29,1.0222063839052279e-29,1.0212645532628645e-29,1.0202951178286287e-29,1.019338639704839e-29,1.0185220634370446e-29,1.0178227808276785e-29,1.0171211607354381e-29,1.0163813748687258e-29,1.0156537633588155e-29,1.0150693419583975e-29,1.0145769421227887e-29,1.0140644513749365e-29,1.0135063885220192e-29,1.0129647516036487e-29,1.0125695256300816e-29,1.0122396936323718e-29,1.0118739219320322e-29,1.0114584696125972e-29,1.0110694889030791e-29,1.0108251180097063e-29,1.0106205517813008e-29,1.0103666048196285e-29,1.010062198418607e-29,1.0097989963475123e-29,1.0096724495053437e-29,1.0095620528977558e-29,1.0093915395599466e-29,1.0091730421707798e-29,1.0090134600865696e-29,1.0089767149290395e-29,1.0089348638121929e-29,1.0088249889951877e-29,1.0086727003995532e-29,1.0085981122802739e-29,1.0086276858431567e-29,1.008633542141758e-29,1.0085662906263576e-29,1.0084650743767717e-29,1.0084595138702424e-29,1.0085359825129797e-29,1.0085728534396791e-29,1.0085342566407459e-29,1.0084727776121195e-29,1.0085223063766239e-29,1.008629824498726e-29,1.0086845676381924e-29,1.0086640528566153e-29,1.0086347315208414e-29,1.0087263687632033e-29,1.0088522000510282e-29,1.0089146806110719e-29,1.0089044984258013e-29,1.0089032468242556e-29,1.0090243328394772e-29,1.0091584057832245e-29,1.0092210094317446e-29,1.0091962542411395e-29
0.0,-2.3122185352503513e-56,-2.1059500162956728e-39,-6.771743175684554e-32,-5.939020538002444e-32,-1.2529636099251187e-34,9.602202674155659e-35,-2.571996530285826e-36,4.73833531355856e-38,2.75150458404107e-39,-1.7620454352514348e-40,-1.0954121140795595e-40,-2.5688044391104543e-40,-5.940150695213783e-40,-1.3690677988251468e-39,-3.1668434549157987e-39,-6.808507451228693e-39,-1.4197913832883173e-38,-2.689482572467874e-38,-5.635097998371899e-38,-1.225051179224634e-37,-4.687322990253835e-38,1.0246163917942623e-36,5.1121533201853175e-36,1.4562598589801513e-35,2.97915695683575e-35,4.817957349920612e-35,6.558678746704539e-35,7.871933323052867e-35,8.631263323845076e-35,8.766371436876928e-35,8.192040518009962e-35,6.808872858478079e-35,4.493324399618518e-35,1.9888562157291237e-35,2.527795015504761e-35,3.2816279413921177e-35,4.239590206948413e-35,5.464380671529096e-35,6.991700660641319e-35,8.86919502643864e-35,1.103637848181629e-34,1.341467859101252e-34,1.5955054536718598e-34,1.8695545484633305e-34,2.1797537665699665e-34,2.5372828067825383e-34,2.927109471689318e-34,3.348261349876413e-34,3.828754653225466e-34,4.404792377287404e-34,5.078491929524856e-34,5.8332034228155365e-34,6.626549635839831e-34,7.333361230816645e-34,7.970898801885306e-34,8.530618375618353e-34,9.064209032290794e-34,9.589830986230525e-34,1.0090121858943155e-33,1.0571943220415411e-33,1.1053697120509901e-33,1.155552801378413e-33,1.2095800567505618e-33,1.2691023304143612e-33,1.3356045541228125e-33,1.455563526219348e-33,1.748386133376893e-33,2.0796257087649323e-33,2.4549753830877488e-33,2.8818735740791087e-33,3.3684707513775636e-33,3.919781519761033e-33,4.542105900691729e-33,5.24167744552653e-33,6.025760070171064e-33,6.918240558376487e-33,7.926220049848864e-33,9.060825285747888e-33,1.0318154999205562e-32,1.1698570553159954e-32,1.320400624459167e-32,1.4834915414111008e-32,1.6589958934112872e-32,1.8465904819556114e-32,2.0457589132795343e-32,2.2557932700877016e-32,2.4758012870374366e-32,2.704739392282674e-32,2.941627838784168e-32,3.185357330043587e-32,3.434102435187007e-32,3.686300631110306e-32,3.9403698770175657e-32,4.194787929915396e-32,4.447940402592166e-32,4.698299551772468e-32,4.944180058877611e-32,5.184052283411392e-32,5.41666214165629e-32,5.640861777472248e-32,5.855616371128034e-32,6.05997278068611e-32,6.252997286130343e-32,6.433751286928349e-32,6.601301912709495e-32,6.755409767000243e-32,6.896118382449352e-32,7.02335692930577e-32,7.138454149020664e-32,7.247133326532827e-32,7.342594335863609e-32,7.424404188986783e-32,7.492948428299661e-32,7.548183053214533e-32,7.589571817627997e-32,7.618079385258903e-32,7.63489145781715e-32,7.640517743202e-32,7.634775866438338e-32,7.617766914249968e-32,7.59107325604252e-32,7.555678034971023e-32,7.51216685350107e-32,7.462481117273305e-32,7.405161730619801e-32,7.34097130640016e-32,7.270616913067417e-32,7.194281251760486e-32,7.111843817245067e-32,7.02430674631028e-32,6.932802181556508e-32,6.837958460735226e-32,6.740041160821437e-32,6.639055252723091e-32,6.53534518828966e-32,6.429872905837834e-32,6.323267478560291e-32,6.21592246572681e-32,6.108068504793626e-32,5.999835128816993e-32,5.891311389990275e-32,5.783319353392454e-32,5.677465038878361e-32,5.57276704219838e-32,5.469264895317345e-32,5.367110640089956e-32,5.266425619390935e-32,5.167309686262761e-32,5.069853869027506e-32,4.974164881698288e-32,4.880297077700356e-32,4.7883228447884586e-32,4.6983155309942923e-32,4.610359559925831e-32,4.5245141096388125e-32,4.440815740431936e-32,4.3592876962738306e-32,4.279942501213474e-32,4.202783814025094e-32,4.1278077412186165e-32,4.0550037234335246e-32,3.984355071877077e-32,3.9158391807672255e-32,3.8494274072006703e-32,3.7850979395585435e-32,3.722815397627273e-32,3.662495882211686e-32,3.6043874956770907e-32,3.549609103416987e-32,3.496849043484219e-32,3.4458461211298326e-32,3.3965696524072535e-32,3.348998173185402e-32,3.303109032196773e-32,3.2588739277697843e-32,3.2162539006195033e-32,3.17519341749479e-32,3.13561353412413e-32,3.097400592438007e-32,3.060390398574787e-32,3.0245959549390947e-32,2.990075425503802e-32,2.9568699813864394e-32,2.9249933000094007e-32,2.8944203606814745e-32,2.865075637445163e-32,2.836820804122233e-32,2.8094166453076195e-32,2.782854303655727e-32,2.757283196962596e-32,2.7327956840657034e-32,2.7094226502581797e-32,2.687083522563831e-32,2.665605289710849e-32,2.6446872810243404e-32,2.6243947345830166e-32,2.604935700041425e-32,2.5864126837802233e-32,2.5688074681793543e-32,2.5519663102862704e-32,2.5355615230195704e-32,2.5195485650530777e-32,2.5042045258931625e-32,2.489671456003668e-32,2.4759330258666116e-32,2.4628006869821853e-32,2.44989539280658e-32,2.437309761324978e-32,2.4253400563343327e-32,2.4141000950915566e-32,2.4035081935854946e-32,2.3932575845108657e-32,2.3830697102913883e-32,2.373277032709561e-32,2.3641071378021352e-32,2.3555694647832307e-32,2.347444158371296e-32,2.339305462969675e-32,2.3313578224507038e-32,2.3239207667780244e-32,2.3170748330359977e-32,2.3106525336726417e-32,2.3042197156778047e-32,2.2978196841208845e-32,2.291833831899991e-32,2.2863923910077789e-32,2.28136075507109e-32,2.276312435010787e-32,2.2711952767655195e-32,2.266420629439841e-32,2.262147781663933e-32,2.258257038457219e-32,2.2543223475557616e-32,2.2502578676287292e-32,2.2464899945668877e-32,2.2431885365678158e-32,2.240232792470738e-32,2.2371865835763916e-32,2.233979568983997e-32,2.2310456260229607e-32,2.2285493141457016e-32,2.226355565099012e-32,2.2240106603179122e-32,2.2214990096097327e-32,2.219253951445408e-32,2.2174219738972021e-32,2.2158429410897068e-32,2.2140441954253685e-32,2.2120953670960477e-32,2.2104180616092596e-32,2.20913069070584e-32,2.208039849533214e-32,2.2066601870511748e-32,2.2051668813000372e-32,2.2039563287090854e-32,2.203111379298e-32,2.2023982175192864e-32,2.201336978982712e-32,2.2002127746237484e-32,2.1993846717670303e-32,2.198894615337077e-32,2.19845905063832e-32,2.197642539647921e-32,2.1968179209376063e-32,2.1963017045466864e-32,2.1960913356978663e-32,2.1958483588549112e-32,2.1952208373292696e-32,2.1946398081780818e-32,2.1943762038234912e-32,2.1943807610895143e-32,2.1942609157861698e-32,2.1937801010689124e-32,2.1933974154938546e-32,2.1933364545256803e-32,2.1935000947492155e-32,2.1934488097612214e-32,2.193082748558673e-32,2.1928617087335836e-32,2.1929611327567625e-32,2.193235672000993e-32,2.193212129802719e-32,2.1929367625971958e-32,2.1928474848528233e-32,2.1930714626992683e-32,2.1934153114444546e-32,2.1933910188487085e-32,2.1931883092989625e-32,2.193206368864653e-32,2.193524444275915e-32,2.1938994594905767e-32,2.1938589096403184e-32,2.1937154163538473e-32,2.1938207779376194e-32,2.19420699646692e-32,2.1945765754226364e-32,2.194516775028578e-32,2.194422563323744e-32,2.1945987273665487e-32,2.195101533475249e-32
0.0,3.685667761033484e-58,7.503158122684944e-41,3.9844956176669796e-33,5.2662159011879586e-33,1.0105215493539097e-35,-7.996334693639674e-36,2.073760978471905e-37,-3.724701237447103e-39,-2.1018534217534793e-40,7.761665212014447e-42,-4.006782625105653e-42,-9.048686696005147e-42,-2.0053436227236694e-41,-4.428731433649189e-41,-9.760424260683734e-41,-1.9909874729684963e-40,-3.90562071456597e-40,-6.950908458711765e-40,-1.3178407965786085e-39,-2.6943638656912296e-39,-1.2154465420986087e-39,1.6318678416555328e-38,7.191255147118432e-38,1.7336349463889884e-37,2.9089112438104493e-37,3.727289091737787e-37,3.839713450221067e-37,3.2503078895860203e-37,2.2087073477570924e-37,1.9563752475658315e-37,1.8456919033782233e-37,1.5511651083204215e-37,1.0439556978235393e-37,4.5204598914751766e-38,5.682238061779007e-38,7.388625499470001e-38,9.55003622224933e-38,1.2318824240749104e-37,1.5778019751304588e-37,2.0070005394670704e-37,2.5112046679052185e-37,3.0670504824399475e-37,3.6639226919860836e-37,4.3133236113597764e-37,5.049960489378705e-37,5.907899035045893e-37,6.851231224603455e-37,7.871686141109438e-37,9.040869988817775e-37,1.0446181515074071e-36,1.2094727262875538e-36,1.3956159712045751e-36,1.595963513133578e-36,1.7792425373574756e-36,1.9482628931389983e-36,2.1012495291613575e-36,2.2493767603330122e-36,2.395789425881394e-36,2.5358385961068868e-36,2.6719918734206048e-36,2.8081918768847903e-36,2.948795790405256e-36,3.098461686004579e-36,3.261850363054054e-36,3.443481337587394e-36,3.743173652008441e-36,4.510181299705418e-36,5.379780643335579e-36,6.366057489745748e-36,7.488225106038734e-36,8.768291575316644e-36,1.0219678251131847e-35,1.1859200950116475e-35,1.370358347291355e-35,1.576990011795037e-35,1.8123536807829358e-35,2.0783001586146164e-35,2.377636676409137e-35,2.70953280555085e-35,3.073941168779344e-35,3.47132509458731e-35,3.9017559877474285e-35,4.364821789865253e-35,4.8595993968269e-35,5.384643997503614e-35,5.937993060825363e-35,6.517185387468127e-35,7.119341903321539e-35,7.741689746230344e-35,8.38125776288945e-35,9.033013621058986e-35,9.692658157620934e-35,1.0355810640396511e-34,1.101825792969001e-34,1.1675694198816943e-34,1.2324276171645462e-34,1.2960087921430607e-34,1.3579657005664601e-34,1.417899450992491e-34,1.4754337741861132e-34,1.530223326641807e-34,1.5819762060429348e-34,1.6304829879608854e-34,1.6756655737959974e-34,1.7175389141384317e-34,1.7558264205441156e-34,1.7902975512959477e-34,1.8208551114071013e-34,1.847932539487966e-34,1.8735455264013328e-34,1.8959036867638402e-34,1.9144013821154207e-34,1.929018559206039e-34,1.9400122329405167e-34,1.947809122199711e-34,1.9523270322004303e-34,1.953437046854203e-34,1.951298736289536e-34,1.9463581837705928e-34,1.9389674899103577e-34,1.928923911809548e-34,1.9162631174189299e-34,1.9013469175277795e-34,1.8852613151986823e-34,1.8675015649803003e-34,1.8477647113641457e-34,1.8261763038984986e-34,1.8030687481257412e-34,1.7788791943078922e-34,1.7536087993328945e-34,1.727197420851396e-34,1.699760856165655e-34,1.6715357845385637e-34,1.6428399601807154e-34,1.613846360823101e-34,1.5844795031477611e-34,1.5547717399379097e-34,1.5248261369951255e-34,1.4947890289114045e-34,1.4648269217767722e-34,1.4351041068562783e-34,1.4057452567077353e-34,1.3770261256532309e-34,1.3486567110389824e-34,1.32062968646212e-34,1.2929945740561382e-34,1.2658040347779182e-34,1.2391070615916822e-34,1.2129462711673553e-34,1.1873614932456097e-34,1.1623719012867927e-34,1.1379932593382767e-34,1.1142348125557034e-34,1.0910938972543388e-34,1.068569968423453e-34,1.0466642253971896e-34,1.0253767618929016e-34,1.0047061695050163e-34,9.84649389112737e-35,9.652017343402867e-35,9.463570433041323e-35,9.281079295842176e-35,9.10446122447244e-35,8.933628993761927e-35,8.768524085848491e-35,8.609120856366741e-35,8.455313777058742e-35,8.307516053954568e-35,8.168452563459427e-35,8.034980763841775e-35,7.906314956446043e-35,7.782231790737015e-35,7.662521361772383e-35,7.546980123409211e-35,7.435425294841732e-35,7.327713754624304e-35,7.223764392330356e-35,7.123583704769435e-35,7.027307508523021e-35,6.935258977503981e-35,6.847120256080656e-35,6.76241428792889e-35,6.680731441755451e-35,6.601767839482832e-35,6.525366114866461e-35,6.451558244408784e-35,6.380610042094752e-35,6.313159246540635e-35,6.249012987125266e-35,6.187410474069432e-35,6.127809882160567e-35,6.069968380049221e-35,6.013909780971422e-35,5.960053452601095e-35,5.909301427490587e-35,5.861235349649515e-35,5.814925699497527e-35,5.769831533939424e-35,5.725854850572694e-35,5.683393553129473e-35,5.643479918948159e-35,5.606126144145311e-35,5.570185815310775e-35,5.535006560393411e-35,5.500513833692471e-35,5.467260313265314e-35,5.436491447317753e-35,5.407751353423392e-35,5.37985248964011e-35,5.352271259284161e-35,5.325194551153821e-35,5.299626031531599e-35,5.2764707008748e-35,5.254429637258089e-35,5.232586620667292e-35,5.210816818786205e-35,5.189826494113047e-35,5.171068147922343e-35,5.153721591548157e-35,5.13655426405693e-35,5.119199399046961e-35,5.10218814490629e-35,5.087016478676074e-35,5.073459452310972e-35,5.060074466256981e-35,5.046327847784534e-35,5.032643808534161e-35,5.020501714178873e-35,5.010032275342277e-35,4.999695957276514e-35,4.988864718942993e-35,4.97791883203996e-35,4.968345384643818e-35,4.960405941706902e-35,4.952516043209604e-35,4.944018497938024e-35,4.935305502173331e-35,4.927908521944426e-35,4.922041052258884e-35,4.916099488541789e-35,4.909452963248502e-35,4.902552482522078e-35,4.896999425750316e-35,4.892816464181138e-35,4.888408510396056e-35,4.883216088803035e-35,4.877786516794778e-35,4.873795136877501e-35,4.87096293203986e-35,4.867742642681228e-35,4.863681282306892e-35,4.859451147134051e-35,4.856778194137613e-35,4.855007581346868e-35,4.852687587042826e-35,4.849497886692468e-35,4.84626075056864e-35,4.844686501742893e-35,4.843727935438157e-35,4.842071831871931e-35,4.839549111662641e-35,4.837165023152258e-35,4.836473250349554e-35,4.836113661727015e-35,4.834929772871447e-35,4.832916137198491e-35,4.831279061598717e-35,4.831274171180398e-35,4.831334335337343e-35,4.830470177907797e-35,4.828847365405282e-35,4.827869957222045e-35,4.828380137933597e-35,4.828711976787485e-35,4.828049114258265e-35,4.826732072937993e-35,4.826336511548898e-35,4.827213778461334e-35,4.827697411437089e-35,4.827146642080746e-35,4.826077815163652e-35,4.826189926603724e-35,4.827309240401312e-35,4.827849860549076e-35,4.827346742191857e-35,4.826491070527984e-35,4.827036897292938e-35,4.828294580175846e-35,4.828819257074676e-35,4.828320053572935e-35,4.827668708579848e-35,4.828564719692273e-35,4.829876426604544e-35,4.830330995840716e-35,4.829809063397578e-35,4.829379760478375e-35,4.830528181719385e-35,4.831826647474464e-35,4.832172797122574e-35,4.831360691823916e-35
